01 06 09 11 23 25 31 Jan
01 06 09 11 22 23 25 Fev
02 06 09 11 20 23 25 Mar
06 07 09 11 20 23 25 Abr
06 09 11 13 20 23 25 Mai
03 06 09 11 23 25 29 Jun
06 08 09 11 20 23 25 Jul
01 06 09 11 18 23 25 Ago
02 06 09 11 23 25 29 Set
01 06 09 11 15 23 25 Out
01 06 09 11 23 25 27 Nov
02 06 09 11 17 23 25 Dez
01 06 09 11 23 25 30 Jan
04 06 09 11 23 25 29 Fev
02 06 09 11 14 23 25 Mar
03 06 09 11 20 23 25 Abr
01 06 09 11 17 23 25 Mai
06 08 09 11 23 25 29 Jun
01 06 09 11 23 25 26 Jul
01 06 09 11 23 25 29 Ago
02 06 09 11 15 23 25 Set
06 09 11 18 20 23 25 Out
06 09 11 15 20 23 25 Nov
06 09 11 12 20 23 25 Dez
01 06 09 11 20 23 25 Jul
06 07 09 11 23 25 29 Nov
06 09 10 11 20 23 25 Jan
06 09 11 17 20 23 25 Nov
04 06 09 11 20 23 25 Fev
06 09 11 14 20 23 25 Dez
