01 03 05 06 08 11 14 15 Abril
01 04 05 07 08 12 14 16 Setembro
03 04 06 07 11 12 15 16 Junho
01 03 05 06 08 11 17 18 Agosto
01 04 05 07 08 12 17 20 Novembro
03 04 06 07 11 12 18 20 Fevereiro
01 03 05 06 08 11 21 22 Dezembro
01 04 05 07 08 12 21 23 Abril
03 04 06 07 11 12 22 23 Setembro
01 03 05 06 08 11 24 25 Junho
01 04 05 07 08 12 24 28 Agosto
03 04 06 07 11 12 25 28 Novembro
01 03 05 06 08 11 29 30 Fevereiro
01 04 05 07 08 12 29 31 Dezembro
03 04 06 07 11 12 30 31 Abril
01 03 05 06 14 15 17 18 Setembro
01 04 05 07 14 16 17 20 Junho
03 04 06 07 15 16 18 20 Agosto
01 03 05 06 14 15 21 22 Novembro
01 04 05 07 14 16 21 23 Fevereiro
03 04 06 07 15 16 22 23 Dezembro
01 03 05 06 14 15 24 25 Abril
01 04 05 07 14 16 24 28 Setembro
03 04 06 07 15 16 25 28 Junho
01 03 05 06 14 15 29 30 Agosto
01 04 05 07 14 16 29 31 Novembro
03 04 06 07 15 16 30 31 Fevereiro
01 03 05 06 17 18 21 22 Dezembro
01 04 05 07 17 20 21 23 Abril
03 04 06 07 18 20 22 23 Setembro
01 03 05 06 17 18 24 25 Junho
01 04 05 07 17 20 24 28 Agosto
03 04 06 07 18 20 25 28 Novembro
01 03 05 06 17 18 29 30 Fevereiro
01 04 05 07 17 20 29 31 Dezembro
03 04 06 07 18 20 30 31 Abril
01 03 05 06 21 22 24 25 Setembro
01 04 05 07 21 23 24 28 Junho
03 04 06 07 22 23 25 28 Agosto
01 03 05 06 21 22 29 30 Novembro
01 04 05 07 21 23 29 31 Fevereiro
03 04 06 07 22 23 30 31 Dezembro
01 03 05 06 24 25 29 30 Abril
01 04 05 07 24 28 29 31 Setembro
03 04 06 07 25 28 30 31 Junho
01 03 08 11 14 15 17 18 Agosto
01 04 08 12 14 16 17 20 Novembro
03 04 11 12 15 16 18 20 Fevereiro
01 03 08 11 14 15 21 22 Dezembro
01 04 08 12 14 16 21 23 Abril
03 04 11 12 15 16 22 23 Setembro
01 03 08 11 14 15 24 25 Junho
01 04 08 12 14 16 24 28 Agosto
03 04 11 12 15 16 25 28 Novembro
01 03 08 11 14 15 29 30 Fevereiro
01 04 08 12 14 16 29 31 Dezembro
03 04 11 12 15 16 30 31 Abril
01 03 08 11 17 18 21 22 Setembro
01 04 08 12 17 20 21 23 Junho
03 04 11 12 18 20 22 23 Agosto
01 03 08 11 17 18 24 25 Novembro
01 04 08 12 17 20 24 28 Fevereiro
03 04 11 12 18 20 25 28 Dezembro
01 03 08 11 17 18 29 30 Abril
01 04 08 12 17 20 29 31 Setembro
03 04 11 12 18 20 30 31 Junho
01 03 08 11 21 22 24 25 Agosto
01 04 08 12 21 23 24 28 Novembro
03 04 11 12 22 23 25 28 Fevereiro
01 03 08 11 21 22 29 30 Dezembro
01 04 08 12 21 23 29 31 Abril
03 04 11 12 22 23 30 31 Setembro
01 03 08 11 24 25 29 30 Junho
01 04 08 12 24 28 29 31 Agosto
03 04 11 12 25 28 30 31 Novembro
01 03 14 15 17 18 21 22 Fevereiro
01 04 14 16 17 20 21 23 Dezembro
03 04 15 16 18 20 22 23 Abril
01 03 14 15 17 18 24 25 Setembro
01 04 14 16 17 20 24 28 Junho
03 04 15 16 18 20 25 28 Agosto
01 03 14 15 17 18 29 30 Novembro
01 04 14 16 17 20 29 31 Fevereiro
03 04 15 16 18 20 30 31 Dezembro
01 03 14 15 21 22 24 25 Abril
01 04 14 16 21 23 24 28 Setembro
03 04 15 16 22 23 25 28 Junho
01 03 14 15 21 22 29 30 Agosto
01 04 14 16 21 23 29 31 Novembro
03 04 15 16 22 23 30 31 Fevereiro
01 03 14 15 24 25 29 30 Dezembro
01 04 14 16 24 28 29 31 Abril
03 04 15 16 25 28 30 31 Setembro
01 03 17 18 21 22 24 25 Junho
01 04 17 20 21 23 24 28 Agosto
03 04 18 20 22 23 25 28 Novembro
01 03 17 18 21 22 29 30 Fevereiro
01 04 17 20 21 23 29 31 Dezembro
03 04 18 20 22 23 30 31 Abril
01 03 17 18 24 25 29 30 Setembro
01 04 17 20 24 28 29 31 Junho
03 04 18 20 25 28 30 31 Agosto
01 03 21 22 24 25 29 30 Novembro
01 04 21 23 24 28 29 31 Fevereiro
03 04 22 23 25 28 30 31 Dezembro
05 06 08 11 14 15 17 18 Abril
05 07 08 12 14 16 17 20 Setembro
06 07 11 12 15 16 18 20 Junho
05 06 08 11 14 15 21 22 Agosto
05 07 08 12 14 16 21 23 Novembro
06 07 11 12 15 16 22 23 Fevereiro
05 06 08 11 14 15 24 25 Dezembro
05 07 08 12 14 16 24 28 Abril
06 07 11 12 15 16 25 28 Setembro
05 06 08 11 14 15 29 30 Junho
05 07 08 12 14 16 29 31 Agosto
06 07 11 12 15 16 30 31 Novembro
05 06 08 11 17 18 21 22 Fevereiro
05 07 08 12 17 20 21 23 Dezembro
06 07 11 12 18 20 22 23 Abril
05 06 08 11 17 18 24 25 Setembro
05 07 08 12 17 20 24 28 Junho
06 07 11 12 18 20 25 28 Agosto
05 06 08 11 17 18 29 30 Novembro
05 07 08 12 17 20 29 31 Fevereiro
06 07 11 12 18 20 30 31 Dezembro
05 06 08 11 21 22 24 25 Abril
05 07 08 12 21 23 24 28 Setembro
06 07 11 12 22 23 25 28 Junho
05 06 08 11 21 22 29 30 Agosto
05 07 08 12 21 23 29 31 Novembro
06 07 11 12 22 23 30 31 Fevereiro
05 06 08 11 24 25 29 30 Dezembro
05 07 08 12 24 28 29 31 Abril
06 07 11 12 25 28 30 31 Setembro
05 06 14 15 17 18 21 22 Junho
05 07 14 16 17 20 21 23 Agosto
06 07 15 16 18 20 22 23 Novembro
05 06 14 15 17 18 24 25 Fevereiro
05 07 14 16 17 20 24 28 Dezembro
06 07 15 16 18 20 25 28 Abril
05 06 14 15 17 18 29 30 Setembro
05 07 14 16 17 20 29 31 Junho
06 07 15 16 18 20 30 31 Agosto
05 06 14 15 21 22 24 25 Novembro
05 07 14 16 21 23 24 28 Fevereiro
06 07 15 16 22 23 25 28 Dezembro
05 06 14 15 21 22 29 30 Abril
05 07 14 16 21 23 29 31 Setembro
06 07 15 16 22 23 30 31 Junho
05 06 14 15 24 25 29 30 Agosto
05 07 14 16 24 28 29 31 Novembro
06 07 15 16 25 28 30 31 Fevereiro
05 06 17 18 21 22 24 25 Dezembro
05 07 17 20 21 23 24 28 Abril
06 07 18 20 22 23 25 28 Setembro
05 06 17 18 21 22 29 30 Junho
05 07 17 20 21 23 29 31 Agosto
06 07 18 20 22 23 30 31 Novembro
05 06 17 18 24 25 29 30 Fevereiro
05 07 17 20 24 28 29 31 Dezembro
06 07 18 20 25 28 30 31 Abril
05 06 21 22 24 25 29 30 Setembro
05 07 21 23 24 28 29 31 Junho
06 07 22 23 25 28 30 31 Agosto
08 11 14 15 17 18 21 22 Novembro
08 12 14 16 17 20 21 23 Fevereiro
11 12 15 16 18 20 22 23 Dezembro
08 11 14 15 17 18 24 25 Abril
08 12 14 16 17 20 24 28 Setembro
11 12 15 16 18 20 25 28 Junho
08 11 14 15 17 18 29 30 Agosto
08 12 14 16 17 20 29 31 Novembro
11 12 15 16 18 20 30 31 Fevereiro
08 11 14 15 21 22 24 25 Dezembro
08 12 14 16 21 23 24 28 Abril
11 12 15 16 22 23 25 28 Setembro
08 11 14 15 21 22 29 30 Junho
08 12 14 16 21 23 29 31 Agosto
11 12 15 16 22 23 30 31 Novembro
08 11 14 15 24 25 29 30 Fevereiro
08 12 14 16 24 28 29 31 Dezembro
11 12 15 16 25 28 30 31 Abril
08 11 17 18 21 22 24 25 Setembro
08 12 17 20 21 23 24 28 Junho
11 12 18 20 22 23 25 28 Agosto
08 11 17 18 21 22 29 30 Novembro
08 12 17 20 21 23 29 31 Fevereiro
11 12 18 20 22 23 30 31 Dezembro
08 11 17 18 24 25 29 30 Abril
08 12 17 20 24 28 29 31 Setembro
11 12 18 20 25 28 30 31 Junho
08 11 21 22 24 25 29 30 Agosto
08 12 21 23 24 28 29 31 Novembro
11 12 22 23 25 28 30 31 Fevereiro
14 15 17 18 21 22 24 25 Dezembro
14 16 17 20 21 23 24 28 Abril
15 16 18 20 22 23 25 28 Setembro
14 15 17 18 21 22 29 30 Junho
14 16 17 20 21 23 29 31 Agosto
15 16 18 20 22 23 30 31 Novembro
14 15 17 18 24 25 29 30 Fevereiro
14 16 17 20 24 28 29 31 Dezembro
15 16 18 20 25 28 30 31 Abril
14 15 21 22 24 25 29 30 Setembro
14 16 21 23 24 28 29 31 Junho
15 16 22 23 25 28 30 31 Agosto
17 18 21 22 24 25 29 30 Novembro
17 20 21 23 24 28 29 31 Fevereiro
18 20 22 23 25 28 30 31 Dezembro
