01 02 06 07 10 12 14 15 Agosto
01 03 06 08 10 13 14 16 Janeiro
02 03 07 08 12 13 15 16 Junho
01 02 06 07 10 12 17 18 Setembro
01 03 06 08 10 13 17 19 Novembro
02 03 07 08 12 13 18 19 Fevereiro
01 02 06 07 10 12 21 22 Dezembro
01 03 06 08 10 13 21 23 Agosto
02 03 07 08 12 13 22 23 Janeiro
01 02 06 07 10 12 24 25 Junho
01 03 06 08 10 13 24 27 Setembro
02 03 07 08 12 13 25 27 Novembro
01 02 06 07 10 12 29 30 Fevereiro
01 03 06 08 10 13 29 31 Dezembro
02 03 07 08 12 13 30 31 Agosto
01 02 06 07 14 15 17 18 Janeiro
01 03 06 08 14 16 17 19 Junho
02 03 07 08 15 16 18 19 Setembro
01 02 06 07 14 15 21 22 Novembro
01 03 06 08 14 16 21 23 Fevereiro
02 03 07 08 15 16 22 23 Dezembro
01 02 06 07 14 15 24 25 Agosto
01 03 06 08 14 16 24 27 Janeiro
02 03 07 08 15 16 25 27 Junho
01 02 06 07 14 15 29 30 Setembro
01 03 06 08 14 16 29 31 Novembro
02 03 07 08 15 16 30 31 Fevereiro
01 02 06 07 17 18 21 22 Dezembro
01 03 06 08 17 19 21 23 Agosto
02 03 07 08 18 19 22 23 Janeiro
01 02 06 07 17 18 24 25 Junho
01 03 06 08 17 19 24 27 Setembro
02 03 07 08 18 19 25 27 Novembro
01 02 06 07 17 18 29 30 Fevereiro
01 03 06 08 17 19 29 31 Dezembro
02 03 07 08 18 19 30 31 Agosto
01 02 06 07 21 22 24 25 Janeiro
01 03 06 08 21 23 24 27 Junho
02 03 07 08 22 23 25 27 Setembro
01 02 06 07 21 22 29 30 Novembro
01 03 06 08 21 23 29 31 Fevereiro
02 03 07 08 22 23 30 31 Dezembro
01 02 06 07 24 25 29 30 Agosto
01 03 06 08 24 27 29 31 Janeiro
02 03 07 08 25 27 30 31 Junho
01 02 10 12 14 15 17 18 Setembro
01 03 10 13 14 16 17 19 Novembro
02 03 12 13 15 16 18 19 Fevereiro
01 02 10 12 14 15 21 22 Dezembro
01 03 10 13 14 16 21 23 Agosto
02 03 12 13 15 16 22 23 Janeiro
01 02 10 12 14 15 24 25 Junho
01 03 10 13 14 16 24 27 Setembro
02 03 12 13 15 16 25 27 Novembro
01 02 10 12 14 15 29 30 Fevereiro
01 03 10 13 14 16 29 31 Dezembro
02 03 12 13 15 16 30 31 Agosto
01 02 10 12 17 18 21 22 Janeiro
01 03 10 13 17 19 21 23 Junho
02 03 12 13 18 19 22 23 Setembro
01 02 10 12 17 18 24 25 Novembro
01 03 10 13 17 19 24 27 Fevereiro
02 03 12 13 18 19 25 27 Dezembro
01 02 10 12 17 18 29 30 Agosto
01 03 10 13 17 19 29 31 Janeiro
02 03 12 13 18 19 30 31 Junho
01 02 10 12 21 22 24 25 Setembro
01 03 10 13 21 23 24 27 Novembro
02 03 12 13 22 23 25 27 Fevereiro
01 02 10 12 21 22 29 30 Dezembro
01 03 10 13 21 23 29 31 Agosto
02 03 12 13 22 23 30 31 Janeiro
01 02 10 12 24 25 29 30 Junho
01 03 10 13 24 27 29 31 Setembro
02 03 12 13 25 27 30 31 Novembro
01 02 14 15 17 18 21 22 Fevereiro
01 03 14 16 17 19 21 23 Dezembro
02 03 15 16 18 19 22 23 Agosto
01 02 14 15 17 18 24 25 Janeiro
01 03 14 16 17 19 24 27 Junho
02 03 15 16 18 19 25 27 Setembro
01 02 14 15 17 18 29 30 Novembro
01 03 14 16 17 19 29 31 Fevereiro
02 03 15 16 18 19 30 31 Dezembro
01 02 14 15 21 22 24 25 Agosto
01 03 14 16 21 23 24 27 Janeiro
02 03 15 16 22 23 25 27 Junho
01 02 14 15 21 22 29 30 Setembro
01 03 14 16 21 23 29 31 Novembro
02 03 15 16 22 23 30 31 Fevereiro
01 02 14 15 24 25 29 30 Dezembro
01 03 14 16 24 27 29 31 Agosto
02 03 15 16 25 27 30 31 Janeiro
01 02 17 18 21 22 24 25 Junho
01 03 17 19 21 23 24 27 Setembro
02 03 18 19 22 23 25 27 Novembro
01 02 17 18 21 22 29 30 Fevereiro
01 03 17 19 21 23 29 31 Dezembro
02 03 18 19 22 23 30 31 Agosto
01 02 17 18 24 25 29 30 Janeiro
01 03 17 19 24 27 29 31 Junho
02 03 18 19 25 27 30 31 Setembro
01 02 21 22 24 25 29 30 Novembro
01 03 21 23 24 27 29 31 Fevereiro
02 03 22 23 25 27 30 31 Dezembro
06 07 10 12 14 15 17 18 Agosto
06 08 10 13 14 16 17 19 Janeiro
07 08 12 13 15 16 18 19 Junho
06 07 10 12 14 15 21 22 Setembro
06 08 10 13 14 16 21 23 Novembro
07 08 12 13 15 16 22 23 Fevereiro
06 07 10 12 14 15 24 25 Dezembro
06 08 10 13 14 16 24 27 Agosto
07 08 12 13 15 16 25 27 Janeiro
06 07 10 12 14 15 29 30 Junho
06 08 10 13 14 16 29 31 Setembro
07 08 12 13 15 16 30 31 Novembro
06 07 10 12 17 18 21 22 Fevereiro
06 08 10 13 17 19 21 23 Dezembro
07 08 12 13 18 19 22 23 Agosto
06 07 10 12 17 18 24 25 Janeiro
06 08 10 13 17 19 24 27 Junho
07 08 12 13 18 19 25 27 Setembro
06 07 10 12 17 18 29 30 Novembro
06 08 10 13 17 19 29 31 Fevereiro
07 08 12 13 18 19 30 31 Dezembro
06 07 10 12 21 22 24 25 Agosto
06 08 10 13 21 23 24 27 Janeiro
07 08 12 13 22 23 25 27 Junho
06 07 10 12 21 22 29 30 Setembro
06 08 10 13 21 23 29 31 Novembro
07 08 12 13 22 23 30 31 Fevereiro
06 07 10 12 24 25 29 30 Dezembro
06 08 10 13 24 27 29 31 Agosto
07 08 12 13 25 27 30 31 Janeiro
06 07 14 15 17 18 21 22 Junho
06 08 14 16 17 19 21 23 Setembro
07 08 15 16 18 19 22 23 Novembro
06 07 14 15 17 18 24 25 Fevereiro
06 08 14 16 17 19 24 27 Dezembro
07 08 15 16 18 19 25 27 Agosto
06 07 14 15 17 18 29 30 Janeiro
06 08 14 16 17 19 29 31 Junho
07 08 15 16 18 19 30 31 Setembro
06 07 14 15 21 22 24 25 Novembro
06 08 14 16 21 23 24 27 Fevereiro
07 08 15 16 22 23 25 27 Dezembro
06 07 14 15 21 22 29 30 Agosto
06 08 14 16 21 23 29 31 Janeiro
07 08 15 16 22 23 30 31 Junho
06 07 14 15 24 25 29 30 Setembro
06 08 14 16 24 27 29 31 Novembro
07 08 15 16 25 27 30 31 Fevereiro
06 07 17 18 21 22 24 25 Dezembro
06 08 17 19 21 23 24 27 Agosto
07 08 18 19 22 23 25 27 Janeiro
06 07 17 18 21 22 29 30 Junho
06 08 17 19 21 23 29 31 Setembro
07 08 18 19 22 23 30 31 Novembro
06 07 17 18 24 25 29 30 Fevereiro
06 08 17 19 24 27 29 31 Dezembro
07 08 18 19 25 27 30 31 Agosto
06 07 21 22 24 25 29 30 Janeiro
06 08 21 23 24 27 29 31 Junho
07 08 22 23 25 27 30 31 Setembro
10 12 14 15 17 18 21 22 Novembro
10 13 14 16 17 19 21 23 Fevereiro
12 13 15 16 18 19 22 23 Dezembro
10 12 14 15 17 18 24 25 Agosto
10 13 14 16 17 19 24 27 Janeiro
12 13 15 16 18 19 25 27 Junho
10 12 14 15 17 18 29 30 Setembro
10 13 14 16 17 19 29 31 Novembro
12 13 15 16 18 19 30 31 Fevereiro
10 12 14 15 21 22 24 25 Dezembro
10 13 14 16 21 23 24 27 Agosto
12 13 15 16 22 23 25 27 Janeiro
10 12 14 15 21 22 29 30 Junho
10 13 14 16 21 23 29 31 Setembro
12 13 15 16 22 23 30 31 Novembro
10 12 14 15 24 25 29 30 Fevereiro
10 13 14 16 24 27 29 31 Dezembro
12 13 15 16 25 27 30 31 Agosto
10 12 17 18 21 22 24 25 Janeiro
10 13 17 19 21 23 24 27 Junho
12 13 18 19 22 23 25 27 Setembro
10 12 17 18 21 22 29 30 Novembro
10 13 17 19 21 23 29 31 Fevereiro
12 13 18 19 22 23 30 31 Dezembro
10 12 17 18 24 25 29 30 Agosto
10 13 17 19 24 27 29 31 Janeiro
12 13 18 19 25 27 30 31 Junho
10 12 21 22 24 25 29 30 Setembro
10 13 21 23 24 27 29 31 Novembro
12 13 22 23 25 27 30 31 Fevereiro
14 15 17 18 21 22 24 25 Dezembro
14 16 17 19 21 23 24 27 Agosto
15 16 18 19 22 23 25 27 Janeiro
14 15 17 18 21 22 29 30 Junho
14 16 17 19 21 23 29 31 Setembro
15 16 18 19 22 23 30 31 Novembro
14 15 17 18 24 25 29 30 Fevereiro
14 16 17 19 24 27 29 31 Dezembro
15 16 18 19 25 27 30 31 Agosto
14 15 21 22 24 25 29 30 Janeiro
14 16 21 23 24 27 29 31 Junho
15 16 22 23 25 27 30 31 Setembro
17 18 21 22 24 25 29 30 Novembro
17 19 21 23 24 27 29 31 Fevereiro
18 19 22 23 25 27 30 31 Dezembro
