01 04 06 07 09 10 12 13 Dezembro
01 05 06 08 09 11 12 14 Abril
04 05 07 08 10 11 13 14 Janeiro
01 04 06 07 09 10 15 16 Junho
01 05 06 08 09 11 15 17 Novembro
04 05 07 08 10 11 16 17 Fevereiro
01 04 06 07 09 10 18 22 Outubro
01 05 06 08 09 11 18 23 Dezembro
04 05 07 08 10 11 22 23 Abril
01 04 06 07 09 10 24 25 Janeiro
01 05 06 08 09 11 24 26 Junho
04 05 07 08 10 11 25 26 Novembro
01 04 06 07 09 10 27 29 Fevereiro
01 05 06 08 09 11 27 31 Outubro
04 05 07 08 10 11 29 31 Dezembro
01 04 06 07 12 13 15 16 Abril
01 05 06 08 12 14 15 17 Janeiro
04 05 07 08 13 14 16 17 Junho
01 04 06 07 12 13 18 22 Novembro
01 05 06 08 12 14 18 23 Fevereiro
04 05 07 08 13 14 22 23 Outubro
01 04 06 07 12 13 24 25 Dezembro
01 05 06 08 12 14 24 26 Abril
04 05 07 08 13 14 25 26 Janeiro
01 04 06 07 12 13 27 29 Junho
01 05 06 08 12 14 27 31 Novembro
04 05 07 08 13 14 29 31 Fevereiro
01 04 06 07 15 16 18 22 Outubro
01 05 06 08 15 17 18 23 Dezembro
04 05 07 08 16 17 22 23 Abril
01 04 06 07 15 16 24 25 Janeiro
01 05 06 08 15 17 24 26 Junho
04 05 07 08 16 17 25 26 Novembro
01 04 06 07 15 16 27 29 Fevereiro
01 05 06 08 15 17 27 31 Outubro
04 05 07 08 16 17 29 31 Dezembro
01 04 06 07 18 22 24 25 Abril
01 05 06 08 18 23 24 26 Janeiro
04 05 07 08 22 23 25 26 Junho
01 04 06 07 18 22 27 29 Novembro
01 05 06 08 18 23 27 31 Fevereiro
04 05 07 08 22 23 29 31 Outubro
01 04 06 07 24 25 27 29 Dezembro
01 05 06 08 24 26 27 31 Abril
04 05 07 08 25 26 29 31 Janeiro
01 04 09 10 12 13 15 16 Junho
01 05 09 11 12 14 15 17 Novembro
04 05 10 11 13 14 16 17 Fevereiro
01 04 09 10 12 13 18 22 Outubro
01 05 09 11 12 14 18 23 Dezembro
04 05 10 11 13 14 22 23 Abril
01 04 09 10 12 13 24 25 Janeiro
01 05 09 11 12 14 24 26 Junho
04 05 10 11 13 14 25 26 Novembro
01 04 09 10 12 13 27 29 Fevereiro
01 05 09 11 12 14 27 31 Outubro
04 05 10 11 13 14 29 31 Dezembro
01 04 09 10 15 16 18 22 Abril
01 05 09 11 15 17 18 23 Janeiro
04 05 10 11 16 17 22 23 Junho
01 04 09 10 15 16 24 25 Novembro
01 05 09 11 15 17 24 26 Fevereiro
04 05 10 11 16 17 25 26 Outubro
01 04 09 10 15 16 27 29 Dezembro
01 05 09 11 15 17 27 31 Abril
04 05 10 11 16 17 29 31 Janeiro
01 04 09 10 18 22 24 25 Junho
01 05 09 11 18 23 24 26 Novembro
04 05 10 11 22 23 25 26 Fevereiro
01 04 09 10 18 22 27 29 Outubro
01 05 09 11 18 23 27 31 Dezembro
04 05 10 11 22 23 29 31 Abril
01 04 09 10 24 25 27 29 Janeiro
01 05 09 11 24 26 27 31 Junho
04 05 10 11 25 26 29 31 Novembro
01 04 12 13 15 16 18 22 Fevereiro
01 05 12 14 15 17 18 23 Outubro
04 05 13 14 16 17 22 23 Dezembro
01 04 12 13 15 16 24 25 Abril
01 05 12 14 15 17 24 26 Janeiro
04 05 13 14 16 17 25 26 Junho
01 04 12 13 15 16 27 29 Novembro
01 05 12 14 15 17 27 31 Fevereiro
04 05 13 14 16 17 29 31 Outubro
01 04 12 13 18 22 24 25 Dezembro
01 05 12 14 18 23 24 26 Abril
04 05 13 14 22 23 25 26 Janeiro
01 04 12 13 18 22 27 29 Junho
01 05 12 14 18 23 27 31 Novembro
04 05 13 14 22 23 29 31 Fevereiro
01 04 12 13 24 25 27 29 Outubro
01 05 12 14 24 26 27 31 Dezembro
04 05 13 14 25 26 29 31 Abril
01 04 15 16 18 22 24 25 Janeiro
01 05 15 17 18 23 24 26 Junho
04 05 16 17 22 23 25 26 Novembro
01 04 15 16 18 22 27 29 Fevereiro
01 05 15 17 18 23 27 31 Outubro
04 05 16 17 22 23 29 31 Dezembro
01 04 15 16 24 25 27 29 Abril
01 05 15 17 24 26 27 31 Janeiro
04 05 16 17 25 26 29 31 Junho
01 04 18 22 24 25 27 29 Novembro
01 05 18 23 24 26 27 31 Fevereiro
04 05 22 23 25 26 29 31 Outubro
06 07 09 10 12 13 15 16 Dezembro
06 08 09 11 12 14 15 17 Abril
07 08 10 11 13 14 16 17 Janeiro
06 07 09 10 12 13 18 22 Junho
06 08 09 11 12 14 18 23 Novembro
07 08 10 11 13 14 22 23 Fevereiro
06 07 09 10 12 13 24 25 Outubro
06 08 09 11 12 14 24 26 Dezembro
07 08 10 11 13 14 25 26 Abril
06 07 09 10 12 13 27 29 Janeiro
06 08 09 11 12 14 27 31 Junho
07 08 10 11 13 14 29 31 Novembro
06 07 09 10 15 16 18 22 Fevereiro
06 08 09 11 15 17 18 23 Outubro
07 08 10 11 16 17 22 23 Dezembro
06 07 09 10 15 16 24 25 Abril
06 08 09 11 15 17 24 26 Janeiro
07 08 10 11 16 17 25 26 Junho
06 07 09 10 15 16 27 29 Novembro
06 08 09 11 15 17 27 31 Fevereiro
07 08 10 11 16 17 29 31 Outubro
06 07 09 10 18 22 24 25 Dezembro
06 08 09 11 18 23 24 26 Abril
07 08 10 11 22 23 25 26 Janeiro
06 07 09 10 18 22 27 29 Junho
06 08 09 11 18 23 27 31 Novembro
07 08 10 11 22 23 29 31 Fevereiro
06 07 09 10 24 25 27 29 Outubro
06 08 09 11 24 26 27 31 Dezembro
07 08 10 11 25 26 29 31 Abril
06 07 12 13 15 16 18 22 Janeiro
06 08 12 14 15 17 18 23 Junho
07 08 13 14 16 17 22 23 Novembro
06 07 12 13 15 16 24 25 Fevereiro
06 08 12 14 15 17 24 26 Outubro
07 08 13 14 16 17 25 26 Dezembro
06 07 12 13 15 16 27 29 Abril
06 08 12 14 15 17 27 31 Janeiro
07 08 13 14 16 17 29 31 Junho
06 07 12 13 18 22 24 25 Novembro
06 08 12 14 18 23 24 26 Fevereiro
07 08 13 14 22 23 25 26 Outubro
06 07 12 13 18 22 27 29 Dezembro
06 08 12 14 18 23 27 31 Abril
07 08 13 14 22 23 29 31 Janeiro
06 07 12 13 24 25 27 29 Junho
06 08 12 14 24 26 27 31 Novembro
07 08 13 14 25 26 29 31 Fevereiro
06 07 15 16 18 22 24 25 Outubro
06 08 15 17 18 23 24 26 Dezembro
07 08 16 17 22 23 25 26 Abril
06 07 15 16 18 22 27 29 Janeiro
06 08 15 17 18 23 27 31 Junho
07 08 16 17 22 23 29 31 Novembro
06 07 15 16 24 25 27 29 Fevereiro
06 08 15 17 24 26 27 31 Outubro
07 08 16 17 25 26 29 31 Dezembro
06 07 18 22 24 25 27 29 Abril
06 08 18 23 24 26 27 31 Janeiro
07 08 22 23 25 26 29 31 Junho
09 10 12 13 15 16 18 22 Novembro
09 11 12 14 15 17 18 23 Fevereiro
10 11 13 14 16 17 22 23 Outubro
09 10 12 13 15 16 24 25 Dezembro
09 11 12 14 15 17 24 26 Abril
10 11 13 14 16 17 25 26 Janeiro
09 10 12 13 15 16 27 29 Junho
09 11 12 14 15 17 27 31 Novembro
10 11 13 14 16 17 29 31 Fevereiro
09 10 12 13 18 22 24 25 Outubro
09 11 12 14 18 23 24 26 Dezembro
10 11 13 14 22 23 25 26 Abril
09 10 12 13 18 22 27 29 Janeiro
09 11 12 14 18 23 27 31 Junho
10 11 13 14 22 23 29 31 Novembro
09 10 12 13 24 25 27 29 Fevereiro
09 11 12 14 24 26 27 31 Outubro
10 11 13 14 25 26 29 31 Dezembro
09 10 15 16 18 22 24 25 Abril
09 11 15 17 18 23 24 26 Janeiro
10 11 16 17 22 23 25 26 Junho
09 10 15 16 18 22 27 29 Novembro
09 11 15 17 18 23 27 31 Fevereiro
10 11 16 17 22 23 29 31 Outubro
09 10 15 16 24 25 27 29 Dezembro
09 11 15 17 24 26 27 31 Abril
10 11 16 17 25 26 29 31 Janeiro
09 10 18 22 24 25 27 29 Junho
09 11 18 23 24 26 27 31 Novembro
10 11 22 23 25 26 29 31 Fevereiro
12 13 15 16 18 22 24 25 Outubro
12 14 15 17 18 23 24 26 Dezembro
13 14 16 17 22 23 25 26 Abril
12 13 15 16 18 22 27 29 Janeiro
12 14 15 17 18 23 27 31 Junho
13 14 16 17 22 23 29 31 Novembro
12 13 15 16 24 25 27 29 Fevereiro
12 14 15 17 24 26 27 31 Outubro
13 14 16 17 25 26 29 31 Dezembro
12 13 18 22 24 25 27 29 Abril
12 14 18 23 24 26 27 31 Janeiro
13 14 22 23 25 26 29 31 Junho
15 16 18 22 24 25 27 29 Novembro
15 17 18 23 24 26 27 31 Fevereiro
16 17 22 23 25 26 29 31 Outubro
