01 02 05 07 10 12 16 17 Janeiro
01 04 05 09 10 14 16 18 Setembro
02 04 07 09 12 14 17 18 Abril
01 02 05 07 10 12 19 20 Junho
01 04 05 09 10 14 19 21 Novembro
02 04 07 09 12 14 20 21 Fevereiro
01 02 05 07 10 12 22 23 Dezembro
01 04 05 09 10 14 22 24 Janeiro
02 04 07 09 12 14 23 24 Setembro
01 02 05 07 10 12 25 27 Abril
01 04 05 09 10 14 25 28 Junho
02 04 07 09 12 14 27 28 Novembro
01 02 05 07 10 12 29 30 Fevereiro
01 04 05 09 10 14 29 31 Dezembro
02 04 07 09 12 14 30 31 Janeiro
01 02 05 07 16 17 19 20 Setembro
01 04 05 09 16 18 19 21 Abril
02 04 07 09 17 18 20 21 Junho
01 02 05 07 16 17 22 23 Novembro
01 04 05 09 16 18 22 24 Fevereiro
02 04 07 09 17 18 23 24 Dezembro
01 02 05 07 16 17 25 27 Janeiro
01 04 05 09 16 18 25 28 Setembro
02 04 07 09 17 18 27 28 Abril
01 02 05 07 16 17 29 30 Junho
01 04 05 09 16 18 29 31 Novembro
02 04 07 09 17 18 30 31 Fevereiro
01 02 05 07 19 20 22 23 Dezembro
01 04 05 09 19 21 22 24 Janeiro
02 04 07 09 20 21 23 24 Setembro
01 02 05 07 19 20 25 27 Abril
01 04 05 09 19 21 25 28 Junho
02 04 07 09 20 21 27 28 Novembro
01 02 05 07 19 20 29 30 Fevereiro
01 04 05 09 19 21 29 31 Dezembro
02 04 07 09 20 21 30 31 Janeiro
01 02 05 07 22 23 25 27 Setembro
01 04 05 09 22 24 25 28 Abril
02 04 07 09 23 24 27 28 Junho
01 02 05 07 22 23 29 30 Novembro
01 04 05 09 22 24 29 31 Fevereiro
02 04 07 09 23 24 30 31 Dezembro
01 02 05 07 25 27 29 30 Janeiro
01 04 05 09 25 28 29 31 Setembro
02 04 07 09 27 28 30 31 Abril
01 02 10 12 16 17 19 20 Junho
01 04 10 14 16 18 19 21 Novembro
02 04 12 14 17 18 20 21 Fevereiro
01 02 10 12 16 17 22 23 Dezembro
01 04 10 14 16 18 22 24 Janeiro
02 04 12 14 17 18 23 24 Setembro
01 02 10 12 16 17 25 27 Abril
01 04 10 14 16 18 25 28 Junho
02 04 12 14 17 18 27 28 Novembro
01 02 10 12 16 17 29 30 Fevereiro
01 04 10 14 16 18 29 31 Dezembro
02 04 12 14 17 18 30 31 Janeiro
01 02 10 12 19 20 22 23 Setembro
01 04 10 14 19 21 22 24 Abril
02 04 12 14 20 21 23 24 Junho
01 02 10 12 19 20 25 27 Novembro
01 04 10 14 19 21 25 28 Fevereiro
02 04 12 14 20 21 27 28 Dezembro
01 02 10 12 19 20 29 30 Janeiro
01 04 10 14 19 21 29 31 Setembro
02 04 12 14 20 21 30 31 Abril
01 02 10 12 22 23 25 27 Junho
01 04 10 14 22 24 25 28 Novembro
02 04 12 14 23 24 27 28 Fevereiro
01 02 10 12 22 23 29 30 Dezembro
01 04 10 14 22 24 29 31 Janeiro
02 04 12 14 23 24 30 31 Setembro
01 02 10 12 25 27 29 30 Abril
01 04 10 14 25 28 29 31 Junho
02 04 12 14 27 28 30 31 Novembro
01 02 16 17 19 20 22 23 Fevereiro
01 04 16 18 19 21 22 24 Dezembro
02 04 17 18 20 21 23 24 Janeiro
01 02 16 17 19 20 25 27 Setembro
01 04 16 18 19 21 25 28 Abril
02 04 17 18 20 21 27 28 Junho
01 02 16 17 19 20 29 30 Novembro
01 04 16 18 19 21 29 31 Fevereiro
02 04 17 18 20 21 30 31 Dezembro
01 02 16 17 22 23 25 27 Janeiro
01 04 16 18 22 24 25 28 Setembro
02 04 17 18 23 24 27 28 Abril
01 02 16 17 22 23 29 30 Junho
01 04 16 18 22 24 29 31 Novembro
02 04 17 18 23 24 30 31 Fevereiro
01 02 16 17 25 27 29 30 Dezembro
01 04 16 18 25 28 29 31 Janeiro
02 04 17 18 27 28 30 31 Setembro
01 02 19 20 22 23 25 27 Abril
01 04 19 21 22 24 25 28 Junho
02 04 20 21 23 24 27 28 Novembro
01 02 19 20 22 23 29 30 Fevereiro
01 04 19 21 22 24 29 31 Dezembro
02 04 20 21 23 24 30 31 Janeiro
01 02 19 20 25 27 29 30 Setembro
01 04 19 21 25 28 29 31 Abril
02 04 20 21 27 28 30 31 Junho
01 02 22 23 25 27 29 30 Novembro
01 04 22 24 25 28 29 31 Fevereiro
02 04 23 24 27 28 30 31 Dezembro
05 07 10 12 16 17 19 20 Janeiro
05 09 10 14 16 18 19 21 Setembro
07 09 12 14 17 18 20 21 Abril
05 07 10 12 16 17 22 23 Junho
05 09 10 14 16 18 22 24 Novembro
07 09 12 14 17 18 23 24 Fevereiro
05 07 10 12 16 17 25 27 Dezembro
05 09 10 14 16 18 25 28 Janeiro
07 09 12 14 17 18 27 28 Setembro
05 07 10 12 16 17 29 30 Abril
05 09 10 14 16 18 29 31 Junho
07 09 12 14 17 18 30 31 Novembro
05 07 10 12 19 20 22 23 Fevereiro
05 09 10 14 19 21 22 24 Dezembro
07 09 12 14 20 21 23 24 Janeiro
05 07 10 12 19 20 25 27 Setembro
05 09 10 14 19 21 25 28 Abril
07 09 12 14 20 21 27 28 Junho
05 07 10 12 19 20 29 30 Novembro
05 09 10 14 19 21 29 31 Fevereiro
07 09 12 14 20 21 30 31 Dezembro
05 07 10 12 22 23 25 27 Janeiro
05 09 10 14 22 24 25 28 Setembro
07 09 12 14 23 24 27 28 Abril
05 07 10 12 22 23 29 30 Junho
05 09 10 14 22 24 29 31 Novembro
07 09 12 14 23 24 30 31 Fevereiro
05 07 10 12 25 27 29 30 Dezembro
05 09 10 14 25 28 29 31 Janeiro
07 09 12 14 27 28 30 31 Setembro
05 07 16 17 19 20 22 23 Abril
05 09 16 18 19 21 22 24 Junho
07 09 17 18 20 21 23 24 Novembro
05 07 16 17 19 20 25 27 Fevereiro
05 09 16 18 19 21 25 28 Dezembro
07 09 17 18 20 21 27 28 Janeiro
05 07 16 17 19 20 29 30 Setembro
05 09 16 18 19 21 29 31 Abril
07 09 17 18 20 21 30 31 Junho
05 07 16 17 22 23 25 27 Novembro
05 09 16 18 22 24 25 28 Fevereiro
07 09 17 18 23 24 27 28 Dezembro
05 07 16 17 22 23 29 30 Janeiro
05 09 16 18 22 24 29 31 Setembro
07 09 17 18 23 24 30 31 Abril
05 07 16 17 25 27 29 30 Junho
05 09 16 18 25 28 29 31 Novembro
07 09 17 18 27 28 30 31 Fevereiro
05 07 19 20 22 23 25 27 Dezembro
05 09 19 21 22 24 25 28 Janeiro
07 09 20 21 23 24 27 28 Setembro
05 07 19 20 22 23 29 30 Abril
05 09 19 21 22 24 29 31 Junho
07 09 20 21 23 24 30 31 Novembro
05 07 19 20 25 27 29 30 Fevereiro
05 09 19 21 25 28 29 31 Dezembro
07 09 20 21 27 28 30 31 Janeiro
05 07 22 23 25 27 29 30 Setembro
05 09 22 24 25 28 29 31 Abril
07 09 23 24 27 28 30 31 Junho
10 12 16 17 19 20 22 23 Novembro
10 14 16 18 19 21 22 24 Fevereiro
12 14 17 18 20 21 23 24 Dezembro
10 12 16 17 19 20 25 27 Janeiro
10 14 16 18 19 21 25 28 Setembro
12 14 17 18 20 21 27 28 Abril
10 12 16 17 19 20 29 30 Junho
10 14 16 18 19 21 29 31 Novembro
12 14 17 18 20 21 30 31 Fevereiro
10 12 16 17 22 23 25 27 Dezembro
10 14 16 18 22 24 25 28 Janeiro
12 14 17 18 23 24 27 28 Setembro
10 12 16 17 22 23 29 30 Abril
10 14 16 18 22 24 29 31 Junho
12 14 17 18 23 24 30 31 Novembro
10 12 16 17 25 27 29 30 Fevereiro
10 14 16 18 25 28 29 31 Dezembro
12 14 17 18 27 28 30 31 Janeiro
10 12 19 20 22 23 25 27 Setembro
10 14 19 21 22 24 25 28 Abril
12 14 20 21 23 24 27 28 Junho
10 12 19 20 22 23 29 30 Novembro
10 14 19 21 22 24 29 31 Fevereiro
12 14 20 21 23 24 30 31 Dezembro
10 12 19 20 25 27 29 30 Janeiro
10 14 19 21 25 28 29 31 Setembro
12 14 20 21 27 28 30 31 Abril
10 12 22 23 25 27 29 30 Junho
10 14 22 24 25 28 29 31 Novembro
12 14 23 24 27 28 30 31 Fevereiro
16 17 19 20 22 23 25 27 Dezembro
16 18 19 21 22 24 25 28 Janeiro
17 18 20 21 23 24 27 28 Setembro
16 17 19 20 22 23 29 30 Abril
16 18 19 21 22 24 29 31 Junho
17 18 20 21 23 24 30 31 Novembro
16 17 19 20 25 27 29 30 Fevereiro
16 18 19 21 25 28 29 31 Dezembro
17 18 20 21 27 28 30 31 Janeiro
16 17 22 23 25 27 29 30 Setembro
16 18 22 24 25 28 29 31 Abril
17 18 23 24 27 28 30 31 Junho
19 20 22 23 25 27 29 30 Novembro
19 21 22 24 25 28 29 31 Fevereiro
20 21 23 24 27 28 30 31 Dezembro
