01 05 06 16 19 25 29 Março
02 05 06 16 19 25 29 Julho
03 05 06 16 19 25 29 Junho
04 05 06 16 19 25 29 Julho
01 03 07 16 19 25 29 Fevereiro
02 04 08 16 19 25 29 Dezembro
03 05 09 16 19 25 29 Outubro
04 06 10 16 19 25 29 Outubro
05 06 07 11 16 25 29 Junho
05 06 08 12 16 25 29 Dezembro
06 07 09 13 16 25 29 Janeiro
06 08 10 14 16 25 29 Janeiro
05 06 09 11 15 25 29 Outubro
01 06 10 12 16 25 29 Agosto
02 06 11 13 17 25 29 Fevereiro
01 03 12 14 18 25 29 Fevereiro
01 02 04 13 15 19 25 Dezembro
02 03 05 14 16 20 25 Maio
03 04 06 15 17 21 25 Fevereiro
04 05 07 16 18 22 25 Junho
05 06 08 17 19 23 25 Abril
01 06 07 18 20 24 25 Março
02 07 08 16 19 21 25 Maio
03 08 09 11 20 22 26 Maio
04 09 10 12 21 23 27 Junho
05 10 11 13 22 24 28 Abril
06 11 12 14 23 25 29 Outubro
08 13 14 16 25 27 31 Junho
06 09 14 15 17 26 28 Dezembro
06 10 15 16 18 27 29 Outubro
05 06 11 16 17 28 30 Novembro
05 06 12 17 18 29 31 Dezembro
05 06 13 18 19 21 30 Setembro
05 06 14 19 20 22 31 Outubro
05 06 10 15 20 21 23 Janeiro
05 06 16 19 21 22 24 Setembro
05 06 16 17 22 23 25 Agosto
05 06 16 18 23 24 26 Novembro
05 06 16 19 24 25 27 Dezembro
05 06 16 20 25 26 28 Agosto
05 06 16 19 21 26 27 Setembro
05 06 16 19 22 27 28 Dezembro
05 06 16 19 23 28 29 Dezembro
05 06 16 19 24 29 30 Outubro
05 06 16 19 25 30 31 Janeiro
05 06 10 16 19 26 31 Janeiro
05 06 10 16 19 25 27 Setembro
05 06 10 16 19 25 28 Junho
05 06 10 16 19 25 29 Janeiro
05 06 10 16 19 25 30 Fevereiro
05 06 10 16 19 25 31 Julho
