01 02 04 05 08 09 11 14 Fevereiro
01 03 04 06 08 10 11 16 Abril
02 03 05 06 09 10 14 16 Janeiro
01 02 04 05 08 09 17 18 Junho
01 03 04 06 08 10 17 19 Novembro
02 03 05 06 09 10 18 19 Dezembro
01 02 04 05 08 09 20 21 Outubro
01 03 04 06 08 10 20 22 Fevereiro
02 03 05 06 09 10 21 22 Abril
01 02 04 05 08 09 23 25 Janeiro
01 03 04 06 08 10 23 27 Junho
02 03 05 06 09 10 25 27 Novembro
01 02 04 05 08 09 28 29 Dezembro
01 03 04 06 08 10 28 31 Outubro
02 03 05 06 09 10 29 31 Fevereiro
01 02 04 05 11 14 17 18 Abril
01 03 04 06 11 16 17 19 Janeiro
02 03 05 06 14 16 18 19 Junho
01 02 04 05 11 14 20 21 Novembro
01 03 04 06 11 16 20 22 Dezembro
02 03 05 06 14 16 21 22 Outubro
01 02 04 05 11 14 23 25 Fevereiro
01 03 04 06 11 16 23 27 Abril
02 03 05 06 14 16 25 27 Janeiro
01 02 04 05 11 14 28 29 Junho
01 03 04 06 11 16 28 31 Novembro
02 03 05 06 14 16 29 31 Dezembro
01 02 04 05 17 18 20 21 Outubro
01 03 04 06 17 19 20 22 Fevereiro
02 03 05 06 18 19 21 22 Abril
01 02 04 05 17 18 23 25 Janeiro
01 03 04 06 17 19 23 27 Junho
02 03 05 06 18 19 25 27 Novembro
01 02 04 05 17 18 28 29 Dezembro
01 03 04 06 17 19 28 31 Outubro
02 03 05 06 18 19 29 31 Fevereiro
01 02 04 05 20 21 23 25 Abril
01 03 04 06 20 22 23 27 Janeiro
02 03 05 06 21 22 25 27 Junho
01 02 04 05 20 21 28 29 Novembro
01 03 04 06 20 22 28 31 Dezembro
02 03 05 06 21 22 29 31 Outubro
01 02 04 05 23 25 28 29 Fevereiro
01 03 04 06 23 27 28 31 Abril
02 03 05 06 25 27 29 31 Janeiro
01 02 08 09 11 14 17 18 Junho
01 03 08 10 11 16 17 19 Novembro
02 03 09 10 14 16 18 19 Dezembro
01 02 08 09 11 14 20 21 Outubro
01 03 08 10 11 16 20 22 Fevereiro
02 03 09 10 14 16 21 22 Abril
01 02 08 09 11 14 23 25 Janeiro
01 03 08 10 11 16 23 27 Junho
02 03 09 10 14 16 25 27 Novembro
01 02 08 09 11 14 28 29 Dezembro
01 03 08 10 11 16 28 31 Outubro
02 03 09 10 14 16 29 31 Fevereiro
01 02 08 09 17 18 20 21 Abril
01 03 08 10 17 19 20 22 Janeiro
02 03 09 10 18 19 21 22 Junho
01 02 08 09 17 18 23 25 Novembro
01 03 08 10 17 19 23 27 Dezembro
02 03 09 10 18 19 25 27 Outubro
01 02 08 09 17 18 28 29 Fevereiro
01 03 08 10 17 19 28 31 Abril
02 03 09 10 18 19 29 31 Janeiro
01 02 08 09 20 21 23 25 Junho
01 03 08 10 20 22 23 27 Novembro
02 03 09 10 21 22 25 27 Dezembro
01 02 08 09 20 21 28 29 Outubro
01 03 08 10 20 22 28 31 Fevereiro
02 03 09 10 21 22 29 31 Abril
01 02 08 09 23 25 28 29 Janeiro
01 03 08 10 23 27 28 31 Junho
02 03 09 10 25 27 29 31 Novembro
01 02 11 14 17 18 20 21 Dezembro
01 03 11 16 17 19 20 22 Outubro
02 03 14 16 18 19 21 22 Fevereiro
01 02 11 14 17 18 23 25 Abril
01 03 11 16 17 19 23 27 Janeiro
02 03 14 16 18 19 25 27 Junho
01 02 11 14 17 18 28 29 Novembro
01 03 11 16 17 19 28 31 Dezembro
02 03 14 16 18 19 29 31 Outubro
01 02 11 14 20 21 23 25 Fevereiro
01 03 11 16 20 22 23 27 Abril
02 03 14 16 21 22 25 27 Janeiro
01 02 11 14 20 21 28 29 Junho
01 03 11 16 20 22 28 31 Novembro
02 03 14 16 21 22 29 31 Dezembro
01 02 11 14 23 25 28 29 Outubro
01 03 11 16 23 27 28 31 Fevereiro
02 03 14 16 25 27 29 31 Abril
01 02 17 18 20 21 23 25 Janeiro
01 03 17 19 20 22 23 27 Junho
02 03 18 19 21 22 25 27 Novembro
01 02 17 18 20 21 28 29 Dezembro
01 03 17 19 20 22 28 31 Outubro
02 03 18 19 21 22 29 31 Fevereiro
01 02 17 18 23 25 28 29 Abril
01 03 17 19 23 27 28 31 Janeiro
02 03 18 19 25 27 29 31 Junho
01 02 20 21 23 25 28 29 Novembro
01 03 20 22 23 27 28 31 Dezembro
02 03 21 22 25 27 29 31 Outubro
04 05 08 09 11 14 17 18 Fevereiro
04 06 08 10 11 16 17 19 Abril
05 06 09 10 14 16 18 19 Janeiro
04 05 08 09 11 14 20 21 Junho
04 06 08 10 11 16 20 22 Novembro
05 06 09 10 14 16 21 22 Dezembro
04 05 08 09 11 14 23 25 Outubro
04 06 08 10 11 16 23 27 Fevereiro
05 06 09 10 14 16 25 27 Abril
04 05 08 09 11 14 28 29 Janeiro
04 06 08 10 11 16 28 31 Junho
05 06 09 10 14 16 29 31 Novembro
04 05 08 09 17 18 20 21 Dezembro
04 06 08 10 17 19 20 22 Outubro
05 06 09 10 18 19 21 22 Fevereiro
04 05 08 09 17 18 23 25 Abril
04 06 08 10 17 19 23 27 Janeiro
05 06 09 10 18 19 25 27 Junho
04 05 08 09 17 18 28 29 Novembro
04 06 08 10 17 19 28 31 Dezembro
05 06 09 10 18 19 29 31 Outubro
04 05 08 09 20 21 23 25 Fevereiro
04 06 08 10 20 22 23 27 Abril
05 06 09 10 21 22 25 27 Janeiro
04 05 08 09 20 21 28 29 Junho
04 06 08 10 20 22 28 31 Novembro
05 06 09 10 21 22 29 31 Dezembro
04 05 08 09 23 25 28 29 Outubro
04 06 08 10 23 27 28 31 Fevereiro
05 06 09 10 25 27 29 31 Abril
04 05 11 14 17 18 20 21 Janeiro
04 06 11 16 17 19 20 22 Junho
05 06 14 16 18 19 21 22 Novembro
04 05 11 14 17 18 23 25 Dezembro
04 06 11 16 17 19 23 27 Outubro
05 06 14 16 18 19 25 27 Fevereiro
04 05 11 14 17 18 28 29 Abril
04 06 11 16 17 19 28 31 Janeiro
05 06 14 16 18 19 29 31 Junho
04 05 11 14 20 21 23 25 Novembro
04 06 11 16 20 22 23 27 Dezembro
05 06 14 16 21 22 25 27 Outubro
04 05 11 14 20 21 28 29 Fevereiro
04 06 11 16 20 22 28 31 Abril
05 06 14 16 21 22 29 31 Janeiro
04 05 11 14 23 25 28 29 Junho
04 06 11 16 23 27 28 31 Novembro
05 06 14 16 25 27 29 31 Dezembro
04 05 17 18 20 21 23 25 Outubro
04 06 17 19 20 22 23 27 Fevereiro
05 06 18 19 21 22 25 27 Abril
04 05 17 18 20 21 28 29 Janeiro
04 06 17 19 20 22 28 31 Junho
05 06 18 19 21 22 29 31 Novembro
04 05 17 18 23 25 28 29 Dezembro
04 06 17 19 23 27 28 31 Outubro
05 06 18 19 25 27 29 31 Fevereiro
04 05 20 21 23 25 28 29 Abril
04 06 20 22 23 27 28 31 Janeiro
05 06 21 22 25 27 29 31 Junho
08 09 11 14 17 18 20 21 Novembro
08 10 11 16 17 19 20 22 Dezembro
09 10 14 16 18 19 21 22 Outubro
08 09 11 14 17 18 23 25 Fevereiro
08 10 11 16 17 19 23 27 Abril
09 10 14 16 18 19 25 27 Janeiro
08 09 11 14 17 18 28 29 Junho
08 10 11 16 17 19 28 31 Novembro
09 10 14 16 18 19 29 31 Dezembro
08 09 11 14 20 21 23 25 Outubro
08 10 11 16 20 22 23 27 Fevereiro
09 10 14 16 21 22 25 27 Abril
08 09 11 14 20 21 28 29 Janeiro
08 10 11 16 20 22 28 31 Junho
09 10 14 16 21 22 29 31 Novembro
08 09 11 14 23 25 28 29 Dezembro
08 10 11 16 23 27 28 31 Outubro
09 10 14 16 25 27 29 31 Fevereiro
08 09 17 18 20 21 23 25 Abril
08 10 17 19 20 22 23 27 Janeiro
09 10 18 19 21 22 25 27 Junho
08 09 17 18 20 21 28 29 Novembro
08 10 17 19 20 22 28 31 Dezembro
09 10 18 19 21 22 29 31 Outubro
08 09 17 18 23 25 28 29 Fevereiro
08 10 17 19 23 27 28 31 Abril
09 10 18 19 25 27 29 31 Janeiro
08 09 20 21 23 25 28 29 Junho
08 10 20 22 23 27 28 31 Novembro
09 10 21 22 25 27 29 31 Dezembro
11 14 17 18 20 21 23 25 Outubro
11 16 17 19 20 22 23 27 Fevereiro
14 16 18 19 21 22 25 27 Abril
11 14 17 18 20 21 28 29 Janeiro
11 16 17 19 20 22 28 31 Junho
14 16 18 19 21 22 29 31 Novembro
11 14 17 18 23 25 28 29 Dezembro
11 16 17 19 23 27 28 31 Outubro
14 16 18 19 25 27 29 31 Fevereiro
11 14 20 21 23 25 28 29 Abril
11 16 20 22 23 27 28 31 Janeiro
14 16 21 22 25 27 29 31 Junho
17 18 20 21 23 25 28 29 Novembro
17 19 20 22 23 27 28 31 Dezembro
18 19 21 22 25 27 29 31 Outubro
