01 05 06 11 16 25 29 Fevereiro
02 05 06 11 16 25 29 Setembro
01 03 06 11 16 25 29 Agosto
02 04 06 11 16 25 29 Janeiro
03 05 06 11 16 25 29 Agosto
04 05 06 11 16 25 29 Junho
05 06 07 11 16 25 29 Outubro
05 06 08 11 16 25 29 Dezembro
06 07 09 11 16 25 29 Novembro
01 08 10 11 16 25 29 Novembro
01 02 09 11 16 25 29 Setembro
01 02 03 12 16 25 29 Janeiro
02 03 04 11 13 25 29 Dezembro
03 04 05 12 14 25 29 Outubro
04 05 06 13 15 25 29 Setembro
05 06 07 14 16 25 29 Março
06 07 08 15 17 25 29 Maio
07 08 09 16 18 25 29 Novembro
08 09 10 17 19 25 29 Fevereiro
09 10 11 18 20 25 29 Dezembro
06 10 11 12 19 21 25 Setembro
05 06 11 12 13 22 25 Setembro
05 06 12 13 14 21 23 Julho
05 06 13 14 15 22 24 Julho
05 06 14 15 16 23 25 Julho
05 06 15 16 17 24 26 Agosto
05 06 16 17 18 25 27 Agosto
01 06 17 18 19 26 28 Julho
01 02 18 19 20 27 29 Julho
03 04 16 20 21 22 29 Julho
04 05 11 16 21 22 23 Julho
05 06 11 16 22 23 24 Outubro
06 07 11 16 23 24 25 Maio
07 08 11 16 24 25 26 Abril
08 09 11 16 25 26 27 Maio
09 10 11 16 26 27 28 Março
06 10 11 16 27 28 29 Setembro
05 06 11 12 28 29 30 Julho
05 06 12 13 29 30 31 Outubro
05 06 10 13 14 30 31 Maio
05 06 10 14 15 25 31 Julho
05 06 10 15 16 25 29 Abril
05 06 10 16 17 25 29 Julho
05 06 10 17 18 25 29 Setembro
05 06 10 18 19 25 29 Fevereiro
05 06 10 19 20 25 29 Dezembro
05 06 10 16 20 21 25 Março
05 06 10 11 16 21 22 Janeiro
05 06 10 11 16 22 23 Dezembro
05 06 10 11 16 23 24 Janeiro
05 06 10 11 16 24 25 Fevereiro
05 06 10 11 16 25 26 Janeiro
05 06 10 11 16 26 27 Janeiro
05 06 10 11 16 27 28 Dezembro
05 06 10 11 16 28 29 Janeiro
05 06 10 11 16 29 30 Junho
05 06 10 11 16 30 31 Maio
05 06 10 11 16 25 31 Maio
