01 02 03 04 05 06 07 Batalha
01 02 03 05 06 08 09 Batalha
01 02 03 05 07 08 09 Batalha
01 02 03 04 05 08 09 Batalha
01 03 05 06 07 08 09 Batalha
01 04 05 06 07 08 09 Batalha
01 02 04 05 06 07 09 Batalha
01 02 04 05 06 08 09 Batalha
01 03 04 06 07 08 09 Batalha
01 02 03 04 06 07 08 Batalha
02 03 04 05 06 08 09 Batalha
01 02 04 05 07 08 09 Batalha
03 04 05 06 07 08 09 Batalha
01 02 03 04 05 07 08 Batalha
02 03 04 05 07 08 09 Batalha
02 03 04 05 06 07 08 Batalha
01 02 03 04 06 07 09 Batalha
01 02 03 04 05 06 09 Batalha
02 04 05 06 07 08 09 Batalha
01 02 03 04 07 08 09 Batalha
01 03 04 05 07 08 09 Batalha
01 02 04 06 07 08 09 Batalha
01 03 04 05 06 08 09 Batalha
01 02 03 04 06 08 09 Batalha
02 03 05 06 07 08 09 Batalha
01 02 05 06 07 08 09 Batalha
01 03 04 05 06 07 09 Batalha
01 02 04 05 06 07 08 Batalha
01 02 03 04 05 07 09 Batalha
01 02 03 05 06 07 08 Batalha
01 03 04 05 06 07 08 Batalha
02 03 04 05 06 07 09 Batalha
01 02 03 06 07 08 09 Batalha
01 02 03 04 05 06 08 Batalha
02 03 04 06 07 08 09 Batalha
01 02 03 05 06 07 09 Batalha
