01 07 14 15 18 24 31 Junho
01 02 08 15 16 19 25 Dezembro
02 03 09 16 17 20 26 Dezembro
03 04 10 17 18 21 27 Junho
04 05 11 18 19 22 28 Fevereiro
05 06 12 19 20 23 29 Fevereiro
06 07 13 20 21 24 30 Novembro
07 08 14 17 21 22 25 Outubro
01 08 09 15 22 23 26 Fevereiro
02 09 10 16 23 24 27 Julho
03 10 11 17 24 25 28 Fevereiro
04 11 12 18 25 26 29 Novembro
05 12 13 19 26 27 30 Outubro
06 13 14 20 27 28 31 Novembro
01 07 14 15 21 28 29 Dezembro
02 08 15 16 22 29 30 Abril
03 09 16 17 23 30 31 Abril
01 04 10 17 18 24 31 Julho
01 02 05 11 18 19 25 Setembro
02 03 06 12 19 20 26 Abril
03 04 07 13 20 21 27 Março
04 05 08 14 21 22 28 Novembro
05 06 09 15 22 23 29 Outubro
06 07 10 16 23 24 30 Outubro
07 08 11 17 24 25 31 Junho
01 08 09 12 18 25 26 Outubro
03 10 11 14 20 27 28 Março
04 11 12 15 21 28 29 Julho
05 12 13 16 22 29 30 Fevereiro
06 13 14 17 23 30 31 Junho
01 07 14 15 18 24 31 Dezembro
01 02 08 15 16 19 25 Março
02 03 09 16 17 20 26 Junho
03 04 10 17 18 21 27 Janeiro
04 05 11 18 19 22 28 Fevereiro
05 06 12 19 20 23 29 Julho
06 07 13 20 21 24 30 Junho
07 08 14 17 21 22 25 Março
01 08 09 15 22 23 26 Outubro
02 09 10 16 23 24 27 Abril
03 10 11 17 24 25 28 Junho
04 11 12 18 25 26 29 Dezembro
05 12 13 19 26 27 30 Dezembro
06 13 14 20 27 28 31 Maio
01 07 14 15 21 28 29 Maio
02 08 15 16 22 29 30 Setembro
03 09 16 17 23 30 31 Maio
01 04 10 17 18 24 31 Dezembro
01 02 05 11 18 19 25 Outubro
02 03 06 12 19 20 26 Novembro
03 04 07 13 20 21 27 Março
04 05 08 14 21 22 28 Novembro
05 06 09 15 22 23 29 Maio
06 07 10 16 23 24 30 Maio
07 08 11 17 24 25 31 Agosto
