01 02 04 12 14 23 24 Maio
02 04 05 12 14 23 24 Junho
02 03 04 12 14 23 24 Dezembro
02 04 06 12 14 23 24 Julho
02 04 07 12 14 23 24 Março
02 04 08 12 14 23 24 Julho
02 04 09 12 14 23 24 Março
02 04 10 12 14 23 24 Janeiro
02 04 05 11 12 23 24 Junho
02 04 05 12 13 23 24 Agosto
01 02 03 12 14 23 24 Setembro
02 04 05 12 15 23 24 Setembro
01 03 05 12 16 23 24 Novembro
02 04 06 12 17 23 24 Julho
03 05 07 12 18 23 24 Janeiro
01 04 06 12 19 23 24 Julho
02 05 07 12 20 23 24 Agosto
01 03 06 12 14 21 23 Dezembro
02 04 07 11 12 22 23 Julho
03 05 08 12 14 23 24 Fevereiro
01 04 06 11 13 23 24 Julho
02 05 07 12 14 23 25 Maio
04 07 09 12 14 16 27 Setembro
05 08 10 13 15 17 28 Agosto
06 09 11 14 16 23 29 Março
07 10 12 15 17 23 30 Setembro
02 08 11 13 16 23 31 Abril
02 09 12 14 17 21 23 Outubro
02 10 13 15 18 22 23 Fevereiro
02 04 11 14 16 21 23 Fevereiro
02 04 12 15 17 22 24 Novembro
02 13 16 18 21 23 25 Agosto
02 14 17 19 22 24 26 Janeiro
02 15 18 20 23 25 27 Janeiro
02 04 16 19 21 24 26 Maio
02 04 17 20 22 25 27 Outubro
02 04 12 18 21 23 26 Maio
02 04 12 19 22 24 27 Outubro
02 04 12 20 23 25 28 Dezembro
02 04 12 14 21 24 26 Julho
02 04 12 14 22 25 27 Março
02 04 12 14 23 26 28 Julho
02 04 12 14 24 27 29 Maio
02 04 12 14 25 28 30 Fevereiro
02 04 12 14 26 29 31 Novembro
02 04 05 12 14 27 30 Janeiro
02 04 05 12 14 28 31 Abril
02 04 05 12 14 23 29 Junho
02 04 05 12 14 23 30 Março
02 04 05 12 14 23 31 Janeiro
