01 02 04 05 08 09 11 14 17 18 20 21 Fevereiro
01 03 04 06 08 10 11 16 17 19 20 22 Abril
02 03 05 06 09 10 14 16 18 19 21 22 Janeiro
01 02 04 05 08 09 11 14 17 18 23 25 Junho
01 03 04 06 08 10 11 16 17 19 23 27 Novembro
02 03 05 06 09 10 14 16 18 19 25 27 Dezembro
01 02 04 05 08 09 11 14 17 18 28 29 Outubro
01 03 04 06 08 10 11 16 17 19 28 31 Fevereiro
02 03 05 06 09 10 14 16 18 19 29 31 Abril
01 02 04 05 08 09 11 14 20 21 23 25 Janeiro
01 03 04 06 08 10 11 16 20 22 23 27 Junho
02 03 05 06 09 10 14 16 21 22 25 27 Novembro
01 02 04 05 08 09 11 14 20 21 28 29 Dezembro
01 03 04 06 08 10 11 16 20 22 28 31 Outubro
02 03 05 06 09 10 14 16 21 22 29 31 Fevereiro
01 02 04 05 08 09 11 14 23 25 28 29 Abril
01 03 04 06 08 10 11 16 23 27 28 31 Janeiro
02 03 05 06 09 10 14 16 25 27 29 31 Junho
01 02 04 05 08 09 17 18 20 21 23 25 Novembro
01 03 04 06 08 10 17 19 20 22 23 27 Dezembro
02 03 05 06 09 10 18 19 21 22 25 27 Outubro
01 02 04 05 08 09 17 18 20 21 28 29 Fevereiro
01 03 04 06 08 10 17 19 20 22 28 31 Abril
02 03 05 06 09 10 18 19 21 22 29 31 Janeiro
01 02 04 05 08 09 17 18 23 25 28 29 Junho
01 03 04 06 08 10 17 19 23 27 28 31 Novembro
02 03 05 06 09 10 18 19 25 27 29 31 Dezembro
01 02 04 05 08 09 20 21 23 25 28 29 Outubro
01 03 04 06 08 10 20 22 23 27 28 31 Fevereiro
02 03 05 06 09 10 21 22 25 27 29 31 Abril
01 02 04 05 11 14 17 18 20 21 23 25 Janeiro
01 03 04 06 11 16 17 19 20 22 23 27 Junho
02 03 05 06 14 16 18 19 21 22 25 27 Novembro
01 02 04 05 11 14 17 18 20 21 28 29 Dezembro
01 03 04 06 11 16 17 19 20 22 28 31 Outubro
02 03 05 06 14 16 18 19 21 22 29 31 Fevereiro
01 02 04 05 11 14 17 18 23 25 28 29 Abril
01 03 04 06 11 16 17 19 23 27 28 31 Janeiro
02 03 05 06 14 16 18 19 25 27 29 31 Junho
01 02 04 05 11 14 20 21 23 25 28 29 Novembro
01 03 04 06 11 16 20 22 23 27 28 31 Dezembro
02 03 05 06 14 16 21 22 25 27 29 31 Outubro
01 02 04 05 17 18 20 21 23 25 28 29 Fevereiro
01 03 04 06 17 19 20 22 23 27 28 31 Abril
02 03 05 06 18 19 21 22 25 27 29 31 Janeiro
01 02 08 09 11 14 17 18 20 21 23 25 Junho
01 03 08 10 11 16 17 19 20 22 23 27 Novembro
02 03 09 10 14 16 18 19 21 22 25 27 Dezembro
01 02 08 09 11 14 17 18 20 21 28 29 Outubro
01 03 08 10 11 16 17 19 20 22 28 31 Fevereiro
02 03 09 10 14 16 18 19 21 22 29 31 Abril
01 02 08 09 11 14 17 18 23 25 28 29 Janeiro
01 03 08 10 11 16 17 19 23 27 28 31 Junho
02 03 09 10 14 16 18 19 25 27 29 31 Novembro
01 02 08 09 11 14 20 21 23 25 28 29 Dezembro
01 03 08 10 11 16 20 22 23 27 28 31 Outubro
02 03 09 10 14 16 21 22 25 27 29 31 Fevereiro
01 02 08 09 17 18 20 21 23 25 28 29 Abril
01 03 08 10 17 19 20 22 23 27 28 31 Janeiro
02 03 09 10 18 19 21 22 25 27 29 31 Junho
01 02 11 14 17 18 20 21 23 25 28 29 Novembro
01 03 11 16 17 19 20 22 23 27 28 31 Dezembro
02 03 14 16 18 19 21 22 25 27 29 31 Outubro
04 05 08 09 11 14 17 18 20 21 23 25 Fevereiro
04 06 08 10 11 16 17 19 20 22 23 27 Abril
05 06 09 10 14 16 18 19 21 22 25 27 Janeiro
04 05 08 09 11 14 17 18 20 21 28 29 Junho
04 06 08 10 11 16 17 19 20 22 28 31 Novembro
05 06 09 10 14 16 18 19 21 22 29 31 Dezembro
04 05 08 09 11 14 17 18 23 25 28 29 Outubro
04 06 08 10 11 16 17 19 23 27 28 31 Fevereiro
05 06 09 10 14 16 18 19 25 27 29 31 Abril
04 05 08 09 11 14 20 21 23 25 28 29 Janeiro
04 06 08 10 11 16 20 22 23 27 28 31 Junho
05 06 09 10 14 16 21 22 25 27 29 31 Novembro
04 05 08 09 17 18 20 21 23 25 28 29 Dezembro
04 06 08 10 17 19 20 22 23 27 28 31 Outubro
05 06 09 10 18 19 21 22 25 27 29 31 Fevereiro
04 05 11 14 17 18 20 21 23 25 28 29 Abril
04 06 11 16 17 19 20 22 23 27 28 31 Janeiro
05 06 14 16 18 19 21 22 25 27 29 31 Junho
08 09 11 14 17 18 20 21 23 25 28 29 Novembro
08 10 11 16 17 19 20 22 23 27 28 31 Dezembro
09 10 14 16 18 19 21 22 25 27 29 31 Outubro
