01 03 06 13 17 25 27 Março
02 03 06 13 17 25 27 Outubro
02 04 06 13 17 25 27 Dezembro
03 05 06 13 17 25 27 Janeiro
03 04 06 13 17 25 27 Abril
05 06 07 13 17 25 27 Outubro
03 06 08 13 17 25 27 Fevereiro
01 07 09 13 17 25 27 Fevereiro
02 08 10 13 17 25 27 Outubro
03 06 09 11 17 25 27 Novembro
04 06 10 12 17 25 27 Dezembro
03 05 06 11 13 25 27 Outubro
03 06 08 12 14 25 27 Junho
03 06 07 13 15 25 27 Setembro
03 06 08 14 16 25 27 Fevereiro
03 06 09 15 17 25 27 Junho
01 06 10 16 18 25 27 Novembro
02 06 11 17 19 25 27 Maio
01 03 12 18 20 25 27 Outubro
02 04 06 13 19 21 25 Setembro
03 05 06 14 20 22 25 Dezembro
03 04 06 15 17 21 23 Fevereiro
01 05 07 16 17 22 24 Julho
01 02 06 13 17 23 25 Maio
02 03 07 17 18 24 26 Abril
03 04 08 17 19 25 27 Julho
05 06 10 12 21 27 29 Outubro
06 07 11 13 22 28 30 Maio
07 08 12 14 23 29 31 Setembro
06 08 09 13 15 24 30 Março
06 09 10 14 16 25 31 Maio
06 10 11 15 17 25 26 Maio
03 06 11 12 16 25 27 Julho
03 06 12 13 17 25 28 Novembro
03 06 13 14 18 25 29 Julho
03 06 14 15 19 21 30 Abril
03 06 15 16 20 22 31 Julho
03 06 08 16 17 21 23 Setembro
03 06 08 17 18 22 24 Novembro
03 06 08 18 19 23 25 Setembro
03 06 08 19 20 24 26 Setembro
03 06 17 20 21 25 27 Outubro
03 06 13 17 21 22 26 Setembro
03 06 13 17 22 23 27 Junho
03 06 13 17 23 24 28 Setembro
03 06 13 17 24 25 29 Junho
03 06 13 17 25 26 30 Fevereiro
03 06 13 17 26 27 31 Dezembro
03 06 08 13 17 27 28 Julho
03 06 08 13 17 28 29 Fevereiro
03 06 08 13 17 29 30 Março
03 06 08 13 17 30 31 Julho
03 06 08 13 17 25 31 Janeiro
