01 03 07 09 10 12 24 JAN
02 04 08 10 11 13 25 JAN
03 05 09 11 12 14 26 JAN
04 06 10 12 13 15 27 JAN
05 07 11 13 14 16 28 JAN
06 08 12 14 15 17 29 JAN
07 09 13 15 16 18 30 JAN
08 10 14 16 17 19 31 JAN
01 09 11 15 17 18 20 JAN
02 10 12 16 18 19 21 JAN
03 11 13 17 19 20 22 JAN
04 12 14 18 20 21 23 JAN
05 13 15 19 21 22 24 JAN
06 14 16 20 22 23 25 JAN
07 15 17 21 23 24 26 JAN
08 16 18 22 24 25 27 JAN
09 17 19 23 25 26 28 JAN
10 18 20 24 26 27 29 JAN
11 19 21 25 27 28 30 JAN
12 20 22 26 28 29 31 JAN
01 13 21 23 27 29 30 JAN
02 14 22 24 28 30 31 JAN
01 03 15 23 25 29 31 JAN
01 02 04 16 24 26 30 JAN
02 03 05 17 25 27 31 JAN
01 03 04 06 18 26 28 JAN
02 04 05 07 19 27 29 JAN
03 05 06 08 20 28 30 JAN
04 06 07 09 21 29 31 JAN
01 05 07 08 10 22 30 JAN
