02 07 08 11 15 25 31 Jan
02 07 08 16 17 23 25 Fev
01 02 14 17 18 23 25 Mar
05 08 14 16 17 25 27 Abr
02 07 11 14 15 17 25 Mai
05 07 08 11 16 25 26 Jun
01 05 08 14 16 25 27 Jul
02 08 15 17 18 25 26 Ago
02 07 08 11 14 25 31 Set
02 08 11 16 17 25 27 Out
02 08 14 15 17 25 27 Nov
02 07 11 14 15 23 31 Dez
02 07 08 15 16 23 25 Jan
02 08 11 14 15 18 31 Fev
02 11 14 15 16 18 23 Mar
01 05 08 14 17 27 31 Abr
01 05 07 14 15 25 31 Mai
01 05 08 17 18 25 31 Jun
01 05 07 08 15 25 31 Jul
02 07 11 14 17 25 31 Ago
05 08 14 15 17 18 23 Set
02 11 14 15 17 23 27 Out
01 02 07 15 23 25 31 Nov
01 02 15 17 18 23 25 Dez
01 07 08 14 17 25 31 Jan
01 02 07 14 15 25 31 Set
01 05 14 16 17 18 25 Mar
01 05 08 15 17 25 27 Nov
01 05 08 16 25 26 27 Fev
02 08 16 17 18 23 26 Dez
