01 02 05 07 09 23 29 Dez
03 04 16 23 25 26 28 Ago
09 20 22 23 27 30 31 Nov
02 08 09 17 18 21 25 Set
08 14 16 17 18 20 29 Out
10 17 19 23 25 27 31 Abr
05 11 13 15 19 26 28 Fev
05 10 11 12 14 19 27 Jan
01 02 04 08 09 18 22 Jul
08 13 19 21 23 24 31 Jun
07 13 16 23 28 29 30 Mai
06 08 09 23 24 28 30 Mar
02 06 07 08 15 18 22 Dez
02 03 05 17 18 29 31 Ago
03 05 07 16 20 29 30 Nov
02 06 09 21 24 28 30 Set
01 03 07 15 17 19 21 Out
03 05 08 13 15 22 30 Abr
04 08 10 16 20 23 25 Fev
05 06 13 14 26 27 31 Jan
04 06 07 19 25 29 30 Jul
07 09 10 12 14 16 18 Jun
11 12 13 17 18 22 24 Mai
07 08 11 12 23 24 27 Mar
04 05 10 11 15 26 28 Dez
07 12 14 19 21 22 24 Ago
04 10 17 19 20 25 26 Nov
02 06 11 13 20 27 31 Set
01 04 12 15 21 26 28 Out
