01 02 07 26 28 29 30 Ago
03 04 16 23 25 27 30 Set
09 14 18 20 21 27 31 Out
02 08 16 17 20 23 29 Abr
11 13 17 18 25 29 31 Fev
05 10 11 19 26 27 28 Jan
05 10 14 15 18 26 27 Jul
01 02 08 09 12 19 24 Jun
04 07 08 13 19 22 23 Mai
08 13 16 21 28 30 31 Mar
02 06 23 24 28 29 30 Nov
07 09 15 18 22 29 30 Dez
02 03 05 06 08 17 30 Ago
03 05 18 28 29 30 31 Set
02 06 09 15 20 21 30 Out
01 03 07 17 21 24 30 Abr
08 10 13 15 16 19 22 Fev
03 04 08 13 20 25 31 Jan
04 06 07 14 23 25 27 Jul
05 06 09 12 14 19 29 Jun
07 10 13 16 17 18 22 Mai
04 11 12 18 23 24 27 Mar
04 05 07 10 15 24 28 Nov
07 11 12 14 19 24 26 Dez
10 17 19 21 22 25 26 Ago
02 04 06 11 20 27 31 Set
01 02 04 13 15 21 26 Out
01 12 15 21 24 25 27 Abr
01 06 10 12 14 16 20 Fev
