01 02 03 04 05 09 23
01 02 03 04 05 09 25
01 02 03 04 05 09 27
01 02 03 04 05 09 30
01 02 03 04 05 22 23
01 02 03 04 05 22 25
01 02 03 04 05 22 27
01 02 03 04 05 22 30
01 02 03 04 05 23 26
01 02 03 04 05 25 26
01 02 03 04 05 26 27
01 02 03 04 05 26 30
01 02 03 04 09 23 25
01 02 03 04 09 23 27
01 02 03 04 09 23 28
01 02 03 04 09 23 30
01 02 03 04 09 25 28
01 02 03 04 09 27 28
01 02 03 04 09 28 30
01 02 03 04 22 23 25
01 02 03 04 22 23 27
01 02 03 04 22 23 28
01 02 03 04 22 23 30
01 02 03 04 22 25 28
01 02 03 04 22 27 28
01 02 03 04 22 28 30
01 02 03 04 23 25 26
01 02 03 04 23 26 27
01 02 03 04 23 26 28
01 02 03 04 23 26 30
01 02 03 04 25 26 28
01 02 03 04 26 27 28
01 02 03 04 26 28 30
01 02 03 05 09 22 23
01 02 03 05 09 22 25
01 02 03 05 09 22 27
01 02 03 05 09 22 30
01 02 03 05 09 23 26
01 02 03 05 09 23 29
01 02 03 05 09 25 26
01 02 03 05 09 25 29
01 02 03 05 09 26 27
01 02 03 05 09 26 30
01 02 03 05 09 27 29
01 02 03 05 09 29 30
01 02 03 05 22 23 29
01 02 03 05 22 25 29
01 02 03 05 22 27 29
01 02 03 05 22 29 30
01 02 03 05 23 26 29
01 02 03 05 25 26 29
01 02 03 05 26 27 29
01 02 03 05 26 29 30
01 02 03 09 22 23 25
01 02 03 09 22 23 27
01 02 03 09 22 23 28
01 02 03 09 22 23 30
01 02 03 09 22 25 28
01 02 03 09 22 27 28
01 02 03 09 22 28 30
01 02 03 09 23 25 26
01 02 03 09 23 25 29
01 02 03 09 23 26 27
01 02 03 09 23 26 28
01 02 03 09 23 26 30
01 02 03 09 23 27 29
01 02 03 09 23 28 29
01 02 03 09 23 29 30
01 02 03 09 25 26 28
01 02 03 09 25 28 29
01 02 03 09 26 27 28
01 02 03 09 26 28 30
01 02 03 09 27 28 29
01 02 03 09 28 29 30
01 02 03 22 23 25 29
01 02 03 22 23 27 29
01 02 03 22 23 28 29
01 02 03 22 23 29 30
01 02 03 22 25 28 29
01 02 03 22 27 28 29
01 02 03 22 28 29 30
01 02 03 23 25 26 29
01 02 03 23 26 27 29
01 02 03 23 26 28 29
01 02 03 23 26 29 30
01 02 03 25 26 28 29
01 02 03 26 27 28 29
01 02 03 26 28 29 30
01 02 04 05 07 09 23
01 02 04 05 07 09 25
01 02 04 05 07 09 27
01 02 04 05 07 09 30
01 02 04 05 07 22 23
01 02 04 05 07 22 25
01 02 04 05 07 22 27
01 02 04 05 07 22 30
01 02 04 05 07 23 26
01 02 04 05 07 25 26
01 02 04 05 07 26 27
01 02 04 05 07 26 30
01 02 04 05 09 20 23
01 02 04 05 09 20 25
01 02 04 05 09 20 27
01 02 04 05 09 20 30
01 02 04 05 20 22 23
01 02 04 05 20 22 25
01 02 04 05 20 22 27
01 02 04 05 20 22 30
01 02 04 05 20 23 26
01 02 04 05 20 25 26
01 02 04 05 20 26 27
01 02 04 05 20 26 30
01 02 04 07 09 23 25
01 02 04 07 09 23 27
01 02 04 07 09 23 28
01 02 04 07 09 23 30
01 02 04 07 09 25 28
01 02 04 07 09 27 28
01 02 04 07 09 28 30
01 02 04 07 22 23 25
01 02 04 07 22 23 27
01 02 04 07 22 23 28
01 02 04 07 22 23 30
01 02 04 07 22 25 28
01 02 04 07 22 27 28
01 02 04 07 22 28 30
01 02 04 07 23 25 26
01 02 04 07 23 26 27
01 02 04 07 23 26 28
01 02 04 07 23 26 30
01 02 04 07 25 26 28
01 02 04 07 26 27 28
01 02 04 07 26 28 30
01 02 04 09 20 23 25
01 02 04 09 20 23 27
01 02 04 09 20 23 28
01 02 04 09 20 23 30
01 02 04 09 20 25 28
01 02 04 09 20 27 28
01 02 04 09 20 28 30
01 02 04 20 22 23 25
01 02 04 20 22 23 27
01 02 04 20 22 23 28
01 02 04 20 22 23 30
01 02 04 20 22 25 28
01 02 04 20 22 27 28
01 02 04 20 22 28 30
01 02 04 20 23 25 26
01 02 04 20 23 26 27
01 02 04 20 23 26 28
01 02 04 20 23 26 30
01 02 04 20 25 26 28
01 02 04 20 26 27 28
01 02 04 20 26 28 30
01 02 05 07 09 22 23
01 02 05 07 09 22 25
01 02 05 07 09 22 27
01 02 05 07 09 22 30
01 02 05 07 09 23 26
01 02 05 07 09 23 29
01 02 05 07 09 25 26
01 02 05 07 09 25 29
01 02 05 07 09 26 27
01 02 05 07 09 26 30
01 02 05 07 09 27 29
01 02 05 07 09 29 30
01 02 05 07 22 23 29
01 02 05 07 22 25 29
01 02 05 07 22 27 29
01 02 05 07 22 29 30
01 02 05 07 23 26 29
01 02 05 07 25 26 29
01 02 05 07 26 27 29
01 02 05 07 26 29 30
01 02 05 09 20 22 23
01 02 05 09 20 22 25
01 02 05 09 20 22 27
01 02 05 09 20 22 30
01 02 05 09 20 23 26
01 02 05 09 20 23 29
01 02 05 09 20 25 26
01 02 05 09 20 25 29
01 02 05 09 20 26 27
01 02 05 09 20 26 30
01 02 05 09 20 27 29
01 02 05 09 20 29 30
01 02 05 20 22 23 29
01 02 05 20 22 25 29
01 02 05 20 22 27 29
01 02 05 20 22 29 30
01 02 05 20 23 26 29
01 02 05 20 25 26 29
01 02 05 20 26 27 29
01 02 05 20 26 29 30
01 02 07 09 22 23 25
01 02 07 09 22 23 27
01 02 07 09 22 23 28
01 02 07 09 22 23 30
01 02 07 09 22 25 28
01 02 07 09 22 27 28
01 02 07 09 22 28 30
01 02 07 09 23 25 26
01 02 07 09 23 25 29
01 02 07 09 23 26 27
01 02 07 09 23 26 28
01 02 07 09 23 26 30
01 02 07 09 23 27 29
01 02 07 09 23 28 29
01 02 07 09 23 29 30
01 02 07 09 25 26 28
01 02 07 09 25 28 29
01 02 07 09 26 27 28
01 02 07 09 26 28 30
01 02 07 09 27 28 29
01 02 07 09 28 29 30
01 02 07 22 23 25 29
01 02 07 22 23 27 29
01 02 07 22 23 28 29
01 02 07 22 23 29 30
01 02 07 22 25 28 29
01 02 07 22 27 28 29
01 02 07 22 28 29 30
01 02 07 23 25 26 29
01 02 07 23 26 27 29
01 02 07 23 26 28 29
01 02 07 23 26 29 30
01 02 07 25 26 28 29
01 02 07 26 27 28 29
01 02 07 26 28 29 30
01 02 09 20 22 23 25
01 02 09 20 22 23 27
01 02 09 20 22 23 28
01 02 09 20 22 23 30
01 02 09 20 22 25 28
01 02 09 20 22 27 28
01 02 09 20 22 28 30
01 02 09 20 23 25 26
01 02 09 20 23 25 29
01 02 09 20 23 26 27
01 02 09 20 23 26 28
01 02 09 20 23 26 30
01 02 09 20 23 27 29
01 02 09 20 23 28 29
01 02 09 20 23 29 30
01 02 09 20 25 26 28
01 02 09 20 25 28 29
01 02 09 20 26 27 28
01 02 09 20 26 28 30
01 02 09 20 27 28 29
01 02 09 20 28 29 30
01 02 20 22 23 25 29
01 02 20 22 23 27 29
01 02 20 22 23 28 29
01 02 20 22 23 29 30
01 02 20 22 25 28 29
01 02 20 22 27 28 29
01 02 20 22 28 29 30
01 02 20 23 25 26 29
01 02 20 23 26 27 29
01 02 20 23 26 28 29
01 02 20 23 26 29 30
01 02 20 25 26 28 29
01 02 20 26 27 28 29
01 02 20 26 28 29 30
01 03 04 05 09 23 25
01 03 04 05 09 23 27
01 03 04 05 09 25 30
01 03 04 05 09 27 30
01 03 04 05 22 23 25
01 03 04 05 22 23 27
01 03 04 05 22 25 30
01 03 04 05 22 27 30
01 03 04 05 23 25 26
01 03 04 05 23 26 27
01 03 04 05 25 26 30
01 03 04 05 26 27 30
01 03 04 09 23 25 28
01 03 04 09 23 25 30
01 03 04 09 23 27 28
01 03 04 09 23 27 30
01 03 04 09 25 28 30
01 03 04 09 27 28 30
01 03 04 22 23 25 28
01 03 04 22 23 25 30
01 03 04 22 23 27 28
01 03 04 22 23 27 30
01 03 04 22 25 28 30
01 03 04 22 27 28 30
01 03 04 23 25 26 28
01 03 04 23 25 26 30
01 03 04 23 26 27 28
01 03 04 23 26 27 30
01 03 04 25 26 28 30
01 03 04 26 27 28 30
01 03 05 09 22 23 25
01 03 05 09 22 23 27
01 03 05 09 22 25 30
01 03 05 09 22 27 30
01 03 05 09 23 25 26
01 03 05 09 23 25 29
01 03 05 09 23 26 27
01 03 05 09 23 27 29
01 03 05 09 25 26 30
01 03 05 09 25 29 30
01 03 05 09 26 27 30
01 03 05 09 27 29 30
01 03 05 22 23 25 29
01 03 05 22 23 27 29
01 03 05 22 25 29 30
01 03 05 22 27 29 30
01 03 05 23 25 26 29
01 03 05 23 26 27 29
01 03 05 25 26 29 30
01 03 05 26 27 29 30
01 03 09 22 23 25 28
01 03 09 22 23 25 30
01 03 09 22 23 27 28
01 03 09 22 23 27 30
01 03 09 22 25 28 30
01 03 09 22 27 28 30
01 03 09 23 25 26 28
01 03 09 23 25 26 30
01 03 09 23 25 28 29
01 03 09 23 25 29 30
01 03 09 23 26 27 28
01 03 09 23 26 27 30
01 03 09 23 27 28 29
01 03 09 23 27 29 30
01 03 09 25 26 28 30
01 03 09 25 28 29 30
01 03 09 26 27 28 30
01 03 09 27 28 29 30
01 03 22 23 25 28 29
01 03 22 23 25 29 30
01 03 22 23 27 28 29
01 03 22 23 27 29 30
01 03 22 25 28 29 30
01 03 22 27 28 29 30
01 03 23 25 26 28 29
01 03 23 25 26 29 30
01 03 23 26 27 28 29
01 03 23 26 27 29 30
01 03 25 26 28 29 30
01 03 26 27 28 29 30
01 04 05 07 09 23 25
01 04 05 07 09 23 27
01 04 05 07 09 25 30
01 04 05 07 09 27 30
01 04 05 07 22 23 25
01 04 05 07 22 23 27
01 04 05 07 22 25 30
01 04 05 07 22 27 30
01 04 05 07 23 25 26
01 04 05 07 23 26 27
01 04 05 07 25 26 30
01 04 05 07 26 27 30
01 04 05 09 20 23 25
01 04 05 09 20 23 27
01 04 05 09 20 25 30
01 04 05 09 20 27 30
01 04 05 20 22 23 25
01 04 05 20 22 23 27
01 04 05 20 22 25 30
01 04 05 20 22 27 30
01 04 05 20 23 25 26
01 04 05 20 23 26 27
01 04 05 20 25 26 30
01 04 05 20 26 27 30
01 04 07 09 23 25 28
01 04 07 09 23 25 30
01 04 07 09 23 27 28
01 04 07 09 23 27 30
01 04 07 09 25 28 30
01 04 07 09 27 28 30
01 04 07 22 23 25 28
01 04 07 22 23 25 30
01 04 07 22 23 27 28
01 04 07 22 23 27 30
01 04 07 22 25 28 30
01 04 07 22 27 28 30
01 04 07 23 25 26 28
01 04 07 23 25 26 30
01 04 07 23 26 27 28
01 04 07 23 26 27 30
01 04 07 25 26 28 30
01 04 07 26 27 28 30
01 04 09 20 23 25 28
01 04 09 20 23 25 30
01 04 09 20 23 27 28
01 04 09 20 23 27 30
01 04 09 20 25 28 30
01 04 09 20 27 28 30
01 04 20 22 23 25 28
01 04 20 22 23 25 30
01 04 20 22 23 27 28
01 04 20 22 23 27 30
01 04 20 22 25 28 30
01 04 20 22 27 28 30
01 04 20 23 25 26 28
01 04 20 23 25 26 30
01 04 20 23 26 27 28
01 04 20 23 26 27 30
01 04 20 25 26 28 30
01 04 20 26 27 28 30
01 05 07 09 22 23 25
01 05 07 09 22 23 27
01 05 07 09 22 25 30
01 05 07 09 22 27 30
01 05 07 09 23 25 26
01 05 07 09 23 25 29
01 05 07 09 23 26 27
01 05 07 09 23 27 29
01 05 07 09 25 26 30
01 05 07 09 25 29 30
01 05 07 09 26 27 30
01 05 07 09 27 29 30
01 05 07 22 23 25 29
01 05 07 22 23 27 29
01 05 07 22 25 29 30
01 05 07 22 27 29 30
01 05 07 23 25 26 29
01 05 07 23 26 27 29
01 05 07 25 26 29 30
01 05 07 26 27 29 30
01 05 09 20 22 23 25
01 05 09 20 22 23 27
01 05 09 20 22 25 30
01 05 09 20 22 27 30
01 05 09 20 23 25 26
01 05 09 20 23 25 29
01 05 09 20 23 26 27
01 05 09 20 23 27 29
01 05 09 20 25 26 30
01 05 09 20 25 29 30
01 05 09 20 26 27 30
01 05 09 20 27 29 30
01 05 20 22 23 25 29
01 05 20 22 23 27 29
01 05 20 22 25 29 30
01 05 20 22 27 29 30
01 05 20 23 25 26 29
01 05 20 23 26 27 29
01 05 20 25 26 29 30
01 05 20 26 27 29 30
01 07 09 22 23 25 28
01 07 09 22 23 25 30
01 07 09 22 23 27 28
01 07 09 22 23 27 30
01 07 09 22 25 28 30
01 07 09 22 27 28 30
01 07 09 23 25 26 28
01 07 09 23 25 26 30
01 07 09 23 25 28 29
01 07 09 23 25 29 30
01 07 09 23 26 27 28
01 07 09 23 26 27 30
01 07 09 23 27 28 29
01 07 09 23 27 29 30
01 07 09 25 26 28 30
01 07 09 25 28 29 30
01 07 09 26 27 28 30
01 07 09 27 28 29 30
01 07 22 23 25 28 29
01 07 22 23 25 29 30
01 07 22 23 27 28 29
01 07 22 23 27 29 30
01 07 22 25 28 29 30
01 07 22 27 28 29 30
01 07 23 25 26 28 29
01 07 23 25 26 29 30
01 07 23 26 27 28 29
01 07 23 26 27 29 30
01 07 25 26 28 29 30
01 07 26 27 28 29 30
01 09 20 22 23 25 28
01 09 20 22 23 25 30
01 09 20 22 23 27 28
01 09 20 22 23 27 30
01 09 20 22 25 28 30
01 09 20 22 27 28 30
01 09 20 23 25 26 28
01 09 20 23 25 26 30
01 09 20 23 25 28 29
01 09 20 23 25 29 30
01 09 20 23 26 27 28
01 09 20 23 26 27 30
01 09 20 23 27 28 29
01 09 20 23 27 29 30
01 09 20 25 26 28 30
01 09 20 25 28 29 30
01 09 20 26 27 28 30
01 09 20 27 28 29 30
01 20 22 23 25 28 29
01 20 22 23 25 29 30
01 20 22 23 27 28 29
01 20 22 23 27 29 30
01 20 22 25 28 29 30
01 20 22 27 28 29 30
01 20 23 25 26 28 29
01 20 23 25 26 29 30
01 20 23 26 27 28 29
01 20 23 26 27 29 30
01 20 25 26 28 29 30
01 20 26 27 28 29 30
02 03 04 05 09 16 23
02 03 04 05 09 16 25
02 03 04 05 09 16 27
02 03 04 05 09 16 30
02 03 04 05 09 23 31
02 03 04 05 09 25 31
02 03 04 05 09 27 31
02 03 04 05 09 30 31
02 03 04 05 16 22 23
02 03 04 05 16 22 25
02 03 04 05 16 22 27
02 03 04 05 16 22 30
02 03 04 05 16 23 26
02 03 04 05 16 25 26
02 03 04 05 16 26 27
02 03 04 05 16 26 30
02 03 04 05 22 23 31
02 03 04 05 22 25 31
02 03 04 05 22 27 31
02 03 04 05 22 30 31
02 03 04 05 23 26 31
02 03 04 05 25 26 31
02 03 04 05 26 27 31
02 03 04 05 26 30 31
02 03 04 09 16 23 25
02 03 04 09 16 23 27
02 03 04 09 16 23 28
02 03 04 09 16 23 30
02 03 04 09 16 25 28
02 03 04 09 16 27 28
02 03 04 09 16 28 30
02 03 04 09 23 25 31
02 03 04 09 23 27 31
02 03 04 09 23 28 31
02 03 04 09 23 30 31
02 03 04 09 25 28 31
02 03 04 09 27 28 31
02 03 04 09 28 30 31
02 03 04 16 22 23 25
02 03 04 16 22 23 27
02 03 04 16 22 23 28
02 03 04 16 22 23 30
02 03 04 16 22 25 28
02 03 04 16 22 27 28
02 03 04 16 22 28 30
02 03 04 16 23 25 26
02 03 04 16 23 26 27
02 03 04 16 23 26 28
02 03 04 16 23 26 30
02 03 04 16 25 26 28
02 03 04 16 26 27 28
02 03 04 16 26 28 30
02 03 04 22 23 25 31
02 03 04 22 23 27 31
02 03 04 22 23 28 31
02 03 04 22 23 30 31
02 03 04 22 25 28 31
02 03 04 22 27 28 31
02 03 04 22 28 30 31
02 03 04 23 25 26 31
02 03 04 23 26 27 31
02 03 04 23 26 28 31
02 03 04 23 26 30 31
02 03 04 25 26 28 31
02 03 04 26 27 28 31
02 03 04 26 28 30 31
02 03 05 09 16 22 23
02 03 05 09 16 22 25
02 03 05 09 16 22 27
02 03 05 09 16 22 30
02 03 05 09 16 23 26
02 03 05 09 16 23 29
02 03 05 09 16 25 26
02 03 05 09 16 25 29
02 03 05 09 16 26 27
02 03 05 09 16 26 30
02 03 05 09 16 27 29
02 03 05 09 16 29 30
02 03 05 09 22 23 31
02 03 05 09 22 25 31
02 03 05 09 22 27 31
02 03 05 09 22 30 31
02 03 05 09 23 26 31
02 03 05 09 23 29 31
02 03 05 09 25 26 31
02 03 05 09 25 29 31
02 03 05 09 26 27 31
02 03 05 09 26 30 31
02 03 05 09 27 29 31
02 03 05 09 29 30 31
02 03 05 16 22 23 29
02 03 05 16 22 25 29
02 03 05 16 22 27 29
02 03 05 16 22 29 30
02 03 05 16 23 26 29
02 03 05 16 25 26 29
02 03 05 16 26 27 29
02 03 05 16 26 29 30
02 03 05 22 23 29 31
02 03 05 22 25 29 31
02 03 05 22 27 29 31
02 03 05 22 29 30 31
02 03 05 23 26 29 31
02 03 05 25 26 29 31
02 03 05 26 27 29 31
02 03 05 26 29 30 31
02 03 09 16 22 23 25
02 03 09 16 22 23 27
02 03 09 16 22 23 28
02 03 09 16 22 23 30
02 03 09 16 22 25 28
02 03 09 16 22 27 28
02 03 09 16 22 28 30
02 03 09 16 23 25 26
02 03 09 16 23 25 29
02 03 09 16 23 26 27
02 03 09 16 23 26 28
02 03 09 16 23 26 30
02 03 09 16 23 27 29
02 03 09 16 23 28 29
02 03 09 16 23 29 30
02 03 09 16 25 26 28
02 03 09 16 25 28 29
02 03 09 16 26 27 28
02 03 09 16 26 28 30
02 03 09 16 27 28 29
02 03 09 16 28 29 30
02 03 09 22 23 25 31
02 03 09 22 23 27 31
02 03 09 22 23 28 31
02 03 09 22 23 30 31
02 03 09 22 25 28 31
02 03 09 22 27 28 31
02 03 09 22 28 30 31
02 03 09 23 25 26 31
02 03 09 23 25 29 31
02 03 09 23 26 27 31
02 03 09 23 26 28 31
02 03 09 23 26 30 31
02 03 09 23 27 29 31
02 03 09 23 28 29 31
02 03 09 23 29 30 31
02 03 09 25 26 28 31
02 03 09 25 28 29 31
02 03 09 26 27 28 31
02 03 09 26 28 30 31
02 03 09 27 28 29 31
02 03 09 28 29 30 31
02 03 16 22 23 25 29
02 03 16 22 23 27 29
02 03 16 22 23 28 29
02 03 16 22 23 29 30
02 03 16 22 25 28 29
02 03 16 22 27 28 29
02 03 16 22 28 29 30
02 03 16 23 25 26 29
02 03 16 23 26 27 29
02 03 16 23 26 28 29
02 03 16 23 26 29 30
02 03 16 25 26 28 29
02 03 16 26 27 28 29
02 03 16 26 28 29 30
02 03 22 23 25 29 31
02 03 22 23 27 29 31
02 03 22 23 28 29 31
02 03 22 23 29 30 31
02 03 22 25 28 29 31
02 03 22 27 28 29 31
02 03 22 28 29 30 31
02 03 23 25 26 29 31
02 03 23 26 27 29 31
02 03 23 26 28 29 31
02 03 23 26 29 30 31
02 03 25 26 28 29 31
02 03 26 27 28 29 31
02 03 26 28 29 30 31
02 04 05 07 09 16 23
02 04 05 07 09 16 25
02 04 05 07 09 16 27
02 04 05 07 09 16 30
02 04 05 07 09 23 31
02 04 05 07 09 25 31
02 04 05 07 09 27 31
02 04 05 07 09 30 31
02 04 05 07 16 22 23
02 04 05 07 16 22 25
02 04 05 07 16 22 27
02 04 05 07 16 22 30
02 04 05 07 16 23 26
02 04 05 07 16 25 26
02 04 05 07 16 26 27
02 04 05 07 16 26 30
02 04 05 07 22 23 31
02 04 05 07 22 25 31
02 04 05 07 22 27 31
02 04 05 07 22 30 31
02 04 05 07 23 26 31
02 04 05 07 25 26 31
02 04 05 07 26 27 31
02 04 05 07 26 30 31
02 04 05 09 16 20 23
02 04 05 09 16 20 25
02 04 05 09 16 20 27
02 04 05 09 16 20 30
02 04 05 09 20 23 31
02 04 05 09 20 25 31
02 04 05 09 20 27 31
02 04 05 09 20 30 31
02 04 05 16 20 22 23
02 04 05 16 20 22 25
02 04 05 16 20 22 27
02 04 05 16 20 22 30
02 04 05 16 20 23 26
02 04 05 16 20 25 26
02 04 05 16 20 26 27
02 04 05 16 20 26 30
02 04 05 20 22 23 31
02 04 05 20 22 25 31
02 04 05 20 22 27 31
02 04 05 20 22 30 31
02 04 05 20 23 26 31
02 04 05 20 25 26 31
02 04 05 20 26 27 31
02 04 05 20 26 30 31
02 04 07 09 16 23 25
02 04 07 09 16 23 27
02 04 07 09 16 23 28
02 04 07 09 16 23 30
02 04 07 09 16 25 28
02 04 07 09 16 27 28
02 04 07 09 16 28 30
02 04 07 09 23 25 31
02 04 07 09 23 27 31
02 04 07 09 23 28 31
02 04 07 09 23 30 31
02 04 07 09 25 28 31
02 04 07 09 27 28 31
02 04 07 09 28 30 31
02 04 07 16 22 23 25
02 04 07 16 22 23 27
02 04 07 16 22 23 28
02 04 07 16 22 23 30
02 04 07 16 22 25 28
02 04 07 16 22 27 28
02 04 07 16 22 28 30
02 04 07 16 23 25 26
02 04 07 16 23 26 27
02 04 07 16 23 26 28
02 04 07 16 23 26 30
02 04 07 16 25 26 28
02 04 07 16 26 27 28
02 04 07 16 26 28 30
02 04 07 22 23 25 31
02 04 07 22 23 27 31
02 04 07 22 23 28 31
02 04 07 22 23 30 31
02 04 07 22 25 28 31
02 04 07 22 27 28 31
02 04 07 22 28 30 31
02 04 07 23 25 26 31
02 04 07 23 26 27 31
02 04 07 23 26 28 31
02 04 07 23 26 30 31
02 04 07 25 26 28 31
02 04 07 26 27 28 31
02 04 07 26 28 30 31
02 04 09 16 20 23 25
02 04 09 16 20 23 27
02 04 09 16 20 23 28
02 04 09 16 20 23 30
02 04 09 16 20 25 28
02 04 09 16 20 27 28
02 04 09 16 20 28 30
02 04 09 20 23 25 31
02 04 09 20 23 27 31
02 04 09 20 23 28 31
02 04 09 20 23 30 31
02 04 09 20 25 28 31
02 04 09 20 27 28 31
02 04 09 20 28 30 31
02 04 16 20 22 23 25
02 04 16 20 22 23 27
02 04 16 20 22 23 28
02 04 16 20 22 23 30
02 04 16 20 22 25 28
02 04 16 20 22 27 28
02 04 16 20 22 28 30
02 04 16 20 23 25 26
02 04 16 20 23 26 27
02 04 16 20 23 26 28
02 04 16 20 23 26 30
02 04 16 20 25 26 28
02 04 16 20 26 27 28
02 04 16 20 26 28 30
02 04 20 22 23 25 31
02 04 20 22 23 27 31
02 04 20 22 23 28 31
02 04 20 22 23 30 31
02 04 20 22 25 28 31
02 04 20 22 27 28 31
02 04 20 22 28 30 31
02 04 20 23 25 26 31
02 04 20 23 26 27 31
02 04 20 23 26 28 31
02 04 20 23 26 30 31
02 04 20 25 26 28 31
02 04 20 26 27 28 31
02 04 20 26 28 30 31
02 05 07 09 16 22 23
02 05 07 09 16 22 25
02 05 07 09 16 22 27
02 05 07 09 16 22 30
02 05 07 09 16 23 26
02 05 07 09 16 23 29
02 05 07 09 16 25 26
02 05 07 09 16 25 29
02 05 07 09 16 26 27
02 05 07 09 16 26 30
02 05 07 09 16 27 29
02 05 07 09 16 29 30
02 05 07 09 22 23 31
02 05 07 09 22 25 31
02 05 07 09 22 27 31
02 05 07 09 22 30 31
02 05 07 09 23 26 31
02 05 07 09 23 29 31
02 05 07 09 25 26 31
02 05 07 09 25 29 31
02 05 07 09 26 27 31
02 05 07 09 26 30 31
02 05 07 09 27 29 31
02 05 07 09 29 30 31
02 05 07 16 22 23 29
02 05 07 16 22 25 29
02 05 07 16 22 27 29
02 05 07 16 22 29 30
02 05 07 16 23 26 29
02 05 07 16 25 26 29
02 05 07 16 26 27 29
02 05 07 16 26 29 30
02 05 07 22 23 29 31
02 05 07 22 25 29 31
02 05 07 22 27 29 31
02 05 07 22 29 30 31
02 05 07 23 26 29 31
02 05 07 25 26 29 31
02 05 07 26 27 29 31
02 05 07 26 29 30 31
02 05 09 16 20 22 23
02 05 09 16 20 22 25
02 05 09 16 20 22 27
02 05 09 16 20 22 30
02 05 09 16 20 23 26
02 05 09 16 20 23 29
02 05 09 16 20 25 26
02 05 09 16 20 25 29
02 05 09 16 20 26 27
02 05 09 16 20 26 30
02 05 09 16 20 27 29
02 05 09 16 20 29 30
02 05 09 20 22 23 31
02 05 09 20 22 25 31
02 05 09 20 22 27 31
02 05 09 20 22 30 31
02 05 09 20 23 26 31
02 05 09 20 23 29 31
02 05 09 20 25 26 31
02 05 09 20 25 29 31
02 05 09 20 26 27 31
02 05 09 20 26 30 31
02 05 09 20 27 29 31
02 05 09 20 29 30 31
02 05 16 20 22 23 29
02 05 16 20 22 25 29
02 05 16 20 22 27 29
02 05 16 20 22 29 30
02 05 16 20 23 26 29
02 05 16 20 25 26 29
02 05 16 20 26 27 29
02 05 16 20 26 29 30
02 05 20 22 23 29 31
02 05 20 22 25 29 31
02 05 20 22 27 29 31
02 05 20 22 29 30 31
02 05 20 23 26 29 31
02 05 20 25 26 29 31
02 05 20 26 27 29 31
02 05 20 26 29 30 31
02 07 09 16 22 23 25
02 07 09 16 22 23 27
02 07 09 16 22 23 28
02 07 09 16 22 23 30
02 07 09 16 22 25 28
02 07 09 16 22 27 28
02 07 09 16 22 28 30
02 07 09 16 23 25 26
02 07 09 16 23 25 29
02 07 09 16 23 26 27
02 07 09 16 23 26 28
02 07 09 16 23 26 30
02 07 09 16 23 27 29
02 07 09 16 23 28 29
02 07 09 16 23 29 30
02 07 09 16 25 26 28
02 07 09 16 25 28 29
02 07 09 16 26 27 28
02 07 09 16 26 28 30
02 07 09 16 27 28 29
02 07 09 16 28 29 30
02 07 09 22 23 25 31
02 07 09 22 23 27 31
02 07 09 22 23 28 31
02 07 09 22 23 30 31
02 07 09 22 25 28 31
02 07 09 22 27 28 31
02 07 09 22 28 30 31
02 07 09 23 25 26 31
02 07 09 23 25 29 31
02 07 09 23 26 27 31
02 07 09 23 26 28 31
02 07 09 23 26 30 31
02 07 09 23 27 29 31
02 07 09 23 28 29 31
02 07 09 23 29 30 31
02 07 09 25 26 28 31
02 07 09 25 28 29 31
02 07 09 26 27 28 31
02 07 09 26 28 30 31
02 07 09 27 28 29 31
02 07 09 28 29 30 31
02 07 16 22 23 25 29
02 07 16 22 23 27 29
02 07 16 22 23 28 29
02 07 16 22 23 29 30
02 07 16 22 25 28 29
02 07 16 22 27 28 29
02 07 16 22 28 29 30
02 07 16 23 25 26 29
02 07 16 23 26 27 29
02 07 16 23 26 28 29
02 07 16 23 26 29 30
02 07 16 25 26 28 29
02 07 16 26 27 28 29
02 07 16 26 28 29 30
02 07 22 23 25 29 31
02 07 22 23 27 29 31
02 07 22 23 28 29 31
02 07 22 23 29 30 31
02 07 22 25 28 29 31
02 07 22 27 28 29 31
02 07 22 28 29 30 31
02 07 23 25 26 29 31
02 07 23 26 27 29 31
02 07 23 26 28 29 31
02 07 23 26 29 30 31
02 07 25 26 28 29 31
02 07 26 27 28 29 31
02 07 26 28 29 30 31
02 09 16 20 22 23 25
02 09 16 20 22 23 27
02 09 16 20 22 23 28
02 09 16 20 22 23 30
02 09 16 20 22 25 28
02 09 16 20 22 27 28
02 09 16 20 22 28 30
02 09 16 20 23 25 26
02 09 16 20 23 25 29
02 09 16 20 23 26 27
02 09 16 20 23 26 28
02 09 16 20 23 26 30
02 09 16 20 23 27 29
02 09 16 20 23 28 29
02 09 16 20 23 29 30
02 09 16 20 25 26 28
02 09 16 20 25 28 29
02 09 16 20 26 27 28
02 09 16 20 26 28 30
02 09 16 20 27 28 29
02 09 16 20 28 29 30
02 09 20 22 23 25 31
02 09 20 22 23 27 31
02 09 20 22 23 28 31
02 09 20 22 23 30 31
02 09 20 22 25 28 31
02 09 20 22 27 28 31
02 09 20 22 28 30 31
02 09 20 23 25 26 31
02 09 20 23 25 29 31
02 09 20 23 26 27 31
02 09 20 23 26 28 31
02 09 20 23 26 30 31
02 09 20 23 27 29 31
02 09 20 23 28 29 31
02 09 20 23 29 30 31
02 09 20 25 26 28 31
02 09 20 25 28 29 31
02 09 20 26 27 28 31
02 09 20 26 28 30 31
02 09 20 27 28 29 31
02 09 20 28 29 30 31
02 16 20 22 23 25 29
02 16 20 22 23 27 29
02 16 20 22 23 28 29
02 16 20 22 23 29 30
02 16 20 22 25 28 29
02 16 20 22 27 28 29
02 16 20 22 28 29 30
02 16 20 23 25 26 29
02 16 20 23 26 27 29
02 16 20 23 26 28 29
02 16 20 23 26 29 30
02 16 20 25 26 28 29
02 16 20 26 27 28 29
02 16 20 26 28 29 30
02 20 22 23 25 29 31
02 20 22 23 27 29 31
02 20 22 23 28 29 31
02 20 22 23 29 30 31
02 20 22 25 28 29 31
02 20 22 27 28 29 31
02 20 22 28 29 30 31
02 20 23 25 26 29 31
02 20 23 26 27 29 31
02 20 23 26 28 29 31
02 20 23 26 29 30 31
02 20 25 26 28 29 31
02 20 26 27 28 29 31
02 20 26 28 29 30 31
03 04 05 09 16 23 25
03 04 05 09 16 23 27
03 04 05 09 16 25 30
03 04 05 09 16 27 30
03 04 05 09 23 25 31
03 04 05 09 23 27 31
03 04 05 09 25 30 31
03 04 05 09 27 30 31
03 04 05 16 22 23 25
03 04 05 16 22 23 27
03 04 05 16 22 25 30
03 04 05 16 22 27 30
03 04 05 16 23 25 26
03 04 05 16 23 26 27
03 04 05 16 25 26 30
03 04 05 16 26 27 30
03 04 05 22 23 25 31
03 04 05 22 23 27 31
03 04 05 22 25 30 31
03 04 05 22 27 30 31
03 04 05 23 25 26 31
03 04 05 23 26 27 31
03 04 05 25 26 30 31
03 04 05 26 27 30 31
03 04 09 16 23 25 28
03 04 09 16 23 25 30
03 04 09 16 23 27 28
03 04 09 16 23 27 30
03 04 09 16 25 28 30
03 04 09 16 27 28 30
03 04 09 23 25 28 31
03 04 09 23 25 30 31
03 04 09 23 27 28 31
03 04 09 23 27 30 31
03 04 09 25 28 30 31
03 04 09 27 28 30 31
03 04 16 22 23 25 28
03 04 16 22 23 25 30
03 04 16 22 23 27 28
03 04 16 22 23 27 30
03 04 16 22 25 28 30
03 04 16 22 27 28 30
03 04 16 23 25 26 28
03 04 16 23 25 26 30
03 04 16 23 26 27 28
03 04 16 23 26 27 30
03 04 16 25 26 28 30
03 04 16 26 27 28 30
03 04 22 23 25 28 31
03 04 22 23 25 30 31
03 04 22 23 27 28 31
03 04 22 23 27 30 31
03 04 22 25 28 30 31
03 04 22 27 28 30 31
03 04 23 25 26 28 31
03 04 23 25 26 30 31
03 04 23 26 27 28 31
03 04 23 26 27 30 31
03 04 25 26 28 30 31
03 04 26 27 28 30 31
03 05 09 16 22 23 25
03 05 09 16 22 23 27
03 05 09 16 22 25 30
03 05 09 16 22 27 30
03 05 09 16 23 25 26
03 05 09 16 23 25 29
03 05 09 16 23 26 27
03 05 09 16 23 27 29
03 05 09 16 25 26 30
03 05 09 16 25 29 30
03 05 09 16 26 27 30
03 05 09 16 27 29 30
03 05 09 22 23 25 31
03 05 09 22 23 27 31
03 05 09 22 25 30 31
03 05 09 22 27 30 31
03 05 09 23 25 26 31
03 05 09 23 25 29 31
03 05 09 23 26 27 31
03 05 09 23 27 29 31
03 05 09 25 26 30 31
03 05 09 25 29 30 31
03 05 09 26 27 30 31
03 05 09 27 29 30 31
03 05 16 22 23 25 29
03 05 16 22 23 27 29
03 05 16 22 25 29 30
03 05 16 22 27 29 30
03 05 16 23 25 26 29
03 05 16 23 26 27 29
03 05 16 25 26 29 30
03 05 16 26 27 29 30
03 05 22 23 25 29 31
03 05 22 23 27 29 31
03 05 22 25 29 30 31
03 05 22 27 29 30 31
03 05 23 25 26 29 31
03 05 23 26 27 29 31
03 05 25 26 29 30 31
03 05 26 27 29 30 31
03 09 16 22 23 25 28
03 09 16 22 23 25 30
03 09 16 22 23 27 28
03 09 16 22 23 27 30
03 09 16 22 25 28 30
03 09 16 22 27 28 30
03 09 16 23 25 26 28
03 09 16 23 25 26 30
03 09 16 23 25 28 29
03 09 16 23 25 29 30
03 09 16 23 26 27 28
03 09 16 23 26 27 30
03 09 16 23 27 28 29
03 09 16 23 27 29 30
03 09 16 25 26 28 30
03 09 16 25 28 29 30
03 09 16 26 27 28 30
03 09 16 27 28 29 30
03 09 22 23 25 28 31
03 09 22 23 25 30 31
03 09 22 23 27 28 31
03 09 22 23 27 30 31
03 09 22 25 28 30 31
03 09 22 27 28 30 31
03 09 23 25 26 28 31
03 09 23 25 26 30 31
03 09 23 25 28 29 31
03 09 23 25 29 30 31
03 09 23 26 27 28 31
03 09 23 26 27 30 31
03 09 23 27 28 29 31
03 09 23 27 29 30 31
03 09 25 26 28 30 31
03 09 25 28 29 30 31
03 09 26 27 28 30 31
03 09 27 28 29 30 31
03 16 22 23 25 28 29
03 16 22 23 25 29 30
03 16 22 23 27 28 29
03 16 22 23 27 29 30
03 16 22 25 28 29 30
03 16 22 27 28 29 30
03 16 23 25 26 28 29
03 16 23 25 26 29 30
03 16 23 26 27 28 29
03 16 23 26 27 29 30
03 16 25 26 28 29 30
03 16 26 27 28 29 30
03 22 23 25 28 29 31
03 22 23 25 29 30 31
03 22 23 27 28 29 31
03 22 23 27 29 30 31
03 22 25 28 29 30 31
03 22 27 28 29 30 31
03 23 25 26 28 29 31
03 23 25 26 29 30 31
03 23 26 27 28 29 31
03 23 26 27 29 30 31
03 25 26 28 29 30 31
03 26 27 28 29 30 31
04 05 07 09 16 23 25
04 05 07 09 16 23 27
04 05 07 09 16 25 30
04 05 07 09 16 27 30
04 05 07 09 23 25 31
04 05 07 09 23 27 31
04 05 07 09 25 30 31
04 05 07 09 27 30 31
04 05 07 16 22 23 25
04 05 07 16 22 23 27
04 05 07 16 22 25 30
04 05 07 16 22 27 30
04 05 07 16 23 25 26
04 05 07 16 23 26 27
04 05 07 16 25 26 30
04 05 07 16 26 27 30
04 05 07 22 23 25 31
04 05 07 22 23 27 31
04 05 07 22 25 30 31
04 05 07 22 27 30 31
04 05 07 23 25 26 31
04 05 07 23 26 27 31
04 05 07 25 26 30 31
04 05 07 26 27 30 31
04 05 09 16 20 23 25
04 05 09 16 20 23 27
04 05 09 16 20 25 30
04 05 09 16 20 27 30
04 05 09 20 23 25 31
04 05 09 20 23 27 31
04 05 09 20 25 30 31
04 05 09 20 27 30 31
04 05 16 20 22 23 25
04 05 16 20 22 23 27
04 05 16 20 22 25 30
04 05 16 20 22 27 30
04 05 16 20 23 25 26
04 05 16 20 23 26 27
04 05 16 20 25 26 30
04 05 16 20 26 27 30
04 05 20 22 23 25 31
04 05 20 22 23 27 31
04 05 20 22 25 30 31
04 05 20 22 27 30 31
04 05 20 23 25 26 31
04 05 20 23 26 27 31
04 05 20 25 26 30 31
04 05 20 26 27 30 31
04 07 09 16 23 25 28
04 07 09 16 23 25 30
04 07 09 16 23 27 28
04 07 09 16 23 27 30
04 07 09 16 25 28 30
04 07 09 16 27 28 30
04 07 09 23 25 28 31
04 07 09 23 25 30 31
04 07 09 23 27 28 31
04 07 09 23 27 30 31
04 07 09 25 28 30 31
04 07 09 27 28 30 31
04 07 16 22 23 25 28
04 07 16 22 23 25 30
04 07 16 22 23 27 28
04 07 16 22 23 27 30
04 07 16 22 25 28 30
04 07 16 22 27 28 30
04 07 16 23 25 26 28
04 07 16 23 25 26 30
04 07 16 23 26 27 28
04 07 16 23 26 27 30
04 07 16 25 26 28 30
04 07 16 26 27 28 30
04 07 22 23 25 28 31
04 07 22 23 25 30 31
04 07 22 23 27 28 31
04 07 22 23 27 30 31
04 07 22 25 28 30 31
04 07 22 27 28 30 31
04 07 23 25 26 28 31
04 07 23 25 26 30 31
04 07 23 26 27 28 31
04 07 23 26 27 30 31
04 07 25 26 28 30 31
04 07 26 27 28 30 31
04 09 16 20 23 25 28
04 09 16 20 23 25 30
04 09 16 20 23 27 28
04 09 16 20 23 27 30
04 09 16 20 25 28 30
04 09 16 20 27 28 30
04 09 20 23 25 28 31
04 09 20 23 25 30 31
04 09 20 23 27 28 31
04 09 20 23 27 30 31
04 09 20 25 28 30 31
04 09 20 27 28 30 31
04 16 20 22 23 25 28
04 16 20 22 23 25 30
04 16 20 22 23 27 28
04 16 20 22 23 27 30
04 16 20 22 25 28 30
04 16 20 22 27 28 30
04 16 20 23 25 26 28
04 16 20 23 25 26 30
04 16 20 23 26 27 28
04 16 20 23 26 27 30
04 16 20 25 26 28 30
04 16 20 26 27 28 30
04 20 22 23 25 28 31
04 20 22 23 25 30 31
04 20 22 23 27 28 31
04 20 22 23 27 30 31
04 20 22 25 28 30 31
04 20 22 27 28 30 31
04 20 23 25 26 28 31
04 20 23 25 26 30 31
04 20 23 26 27 28 31
04 20 23 26 27 30 31
04 20 25 26 28 30 31
04 20 26 27 28 30 31
05 07 09 16 22 23 25
05 07 09 16 22 23 27
05 07 09 16 22 25 30
05 07 09 16 22 27 30
05 07 09 16 23 25 26
05 07 09 16 23 25 29
05 07 09 16 23 26 27
05 07 09 16 23 27 29
05 07 09 16 25 26 30
05 07 09 16 25 29 30
05 07 09 16 26 27 30
05 07 09 16 27 29 30
05 07 09 22 23 25 31
05 07 09 22 23 27 31
05 07 09 22 25 30 31
05 07 09 22 27 30 31
05 07 09 23 25 26 31
05 07 09 23 25 29 31
05 07 09 23 26 27 31
05 07 09 23 27 29 31
05 07 09 25 26 30 31
05 07 09 25 29 30 31
05 07 09 26 27 30 31
05 07 09 27 29 30 31
05 07 16 22 23 25 29
05 07 16 22 23 27 29
05 07 16 22 25 29 30
05 07 16 22 27 29 30
05 07 16 23 25 26 29
05 07 16 23 26 27 29
05 07 16 25 26 29 30
05 07 16 26 27 29 30
05 07 22 23 25 29 31
05 07 22 23 27 29 31
05 07 22 25 29 30 31
05 07 22 27 29 30 31
05 07 23 25 26 29 31
05 07 23 26 27 29 31
05 07 25 26 29 30 31
05 07 26 27 29 30 31
05 09 16 20 22 23 25
05 09 16 20 22 23 27
05 09 16 20 22 25 30
05 09 16 20 22 27 30
05 09 16 20 23 25 26
05 09 16 20 23 25 29
05 09 16 20 23 26 27
05 09 16 20 23 27 29
05 09 16 20 25 26 30
05 09 16 20 25 29 30
05 09 16 20 26 27 30
05 09 16 20 27 29 30
05 09 20 22 23 25 31
05 09 20 22 23 27 31
05 09 20 22 25 30 31
05 09 20 22 27 30 31
05 09 20 23 25 26 31
05 09 20 23 25 29 31
05 09 20 23 26 27 31
05 09 20 23 27 29 31
05 09 20 25 26 30 31
05 09 20 25 29 30 31
05 09 20 26 27 30 31
05 09 20 27 29 30 31
05 16 20 22 23 25 29
05 16 20 22 23 27 29
05 16 20 22 25 29 30
05 16 20 22 27 29 30
05 16 20 23 25 26 29
05 16 20 23 26 27 29
05 16 20 25 26 29 30
05 16 20 26 27 29 30
05 20 22 23 25 29 31
05 20 22 23 27 29 31
05 20 22 25 29 30 31
05 20 22 27 29 30 31
05 20 23 25 26 29 31
05 20 23 26 27 29 31
05 20 25 26 29 30 31
05 20 26 27 29 30 31
07 09 16 22 23 25 28
07 09 16 22 23 25 30
07 09 16 22 23 27 28
07 09 16 22 23 27 30
07 09 16 22 25 28 30
07 09 16 22 27 28 30
07 09 16 23 25 26 28
07 09 16 23 25 26 30
07 09 16 23 25 28 29
07 09 16 23 25 29 30
07 09 16 23 26 27 28
07 09 16 23 26 27 30
07 09 16 23 27 28 29
07 09 16 23 27 29 30
07 09 16 25 26 28 30
07 09 16 25 28 29 30
07 09 16 26 27 28 30
07 09 16 27 28 29 30
07 09 22 23 25 28 31
07 09 22 23 25 30 31
07 09 22 23 27 28 31
07 09 22 23 27 30 31
07 09 22 25 28 30 31
07 09 22 27 28 30 31
07 09 23 25 26 28 31
07 09 23 25 26 30 31
07 09 23 25 28 29 31
07 09 23 25 29 30 31
07 09 23 26 27 28 31
07 09 23 26 27 30 31
07 09 23 27 28 29 31
07 09 23 27 29 30 31
07 09 25 26 28 30 31
07 09 25 28 29 30 31
07 09 26 27 28 30 31
07 09 27 28 29 30 31
07 16 22 23 25 28 29
07 16 22 23 25 29 30
07 16 22 23 27 28 29
07 16 22 23 27 29 30
07 16 22 25 28 29 30
07 16 22 27 28 29 30
07 16 23 25 26 28 29
07 16 23 25 26 29 30
07 16 23 26 27 28 29
07 16 23 26 27 29 30
07 16 25 26 28 29 30
07 16 26 27 28 29 30
07 22 23 25 28 29 31
07 22 23 25 29 30 31
07 22 23 27 28 29 31
07 22 23 27 29 30 31
07 22 25 28 29 30 31
07 22 27 28 29 30 31
07 23 25 26 28 29 31
07 23 25 26 29 30 31
07 23 26 27 28 29 31
07 23 26 27 29 30 31
07 25 26 28 29 30 31
07 26 27 28 29 30 31
09 16 20 22 23 25 28
09 16 20 22 23 25 30
09 16 20 22 23 27 28
09 16 20 22 23 27 30
09 16 20 22 25 28 30
09 16 20 22 27 28 30
09 16 20 23 25 26 28
09 16 20 23 25 26 30
09 16 20 23 25 28 29
09 16 20 23 25 29 30
09 16 20 23 26 27 28
09 16 20 23 26 27 30
09 16 20 23 27 28 29
09 16 20 23 27 29 30
09 16 20 25 26 28 30
09 16 20 25 28 29 30
09 16 20 26 27 28 30
09 16 20 27 28 29 30
09 20 22 23 25 28 31
09 20 22 23 25 30 31
09 20 22 23 27 28 31
09 20 22 23 27 30 31
09 20 22 25 28 30 31
09 20 22 27 28 30 31
09 20 23 25 26 28 31
09 20 23 25 26 30 31
09 20 23 25 28 29 31
09 20 23 25 29 30 31
09 20 23 26 27 28 31
09 20 23 26 27 30 31
09 20 23 27 28 29 31
09 20 23 27 29 30 31
09 20 25 26 28 30 31
09 20 25 28 29 30 31
09 20 26 27 28 30 31
09 20 27 28 29 30 31
16 20 22 23 25 28 29
16 20 22 23 25 29 30
16 20 22 23 27 28 29
16 20 22 23 27 29 30
16 20 22 25 28 29 30
16 20 22 27 28 29 30
16 20 23 25 26 28 29
16 20 23 25 26 29 30
16 20 23 26 27 28 29
16 20 23 26 27 29 30
16 20 25 26 28 29 30
16 20 26 27 28 29 30
20 22 23 25 28 29 31
20 22 23 25 29 30 31
20 22 23 27 28 29 31
20 22 23 27 29 30 31
20 22 25 28 29 30 31
20 22 27 28 29 30 31
20 23 25 26 28 29 31
20 23 25 26 29 30 31
20 23 26 27 28 29 31
20 23 26 27 29 30 31
20 25 26 28 29 30 31
20 26 27 28 29 30 31
