03	09	05	30	08	19	21
12	28	21	08	11	14	20
11	25	28	12	21	29	24
15	19	07	13	29	06	18
02	08	09	17	24	19	28
19	18	11	01	26	31	30
25	06	02	05	24	14	20
24	01	21	27	04	22	13
18	24	23	03	10	19	13
18	30	19	06	20	13	10
07	13	27	19	31	16	20
22	07	12	03	02	21	17
20	21	09	26	01	07	04
16	26	31	01	08	20	21
26	13	16	08	11	29	28
16	07	01	12	02	20	25
09	20	19	14	11	22	13
21	07	08	27	14	04	31
29	28	12	14	03	04	09
17	31	12	21	06	26	29
18	31	08	11	10	12	02
04	12	05	02	27	22	18
19	27	09	17	10	25	28
07	16	30	18	08	12	15
29	13	17	25	10	21	01
28	02	11	20	08	10	16
23	20	28	12	15	17	06
20	24	18	09	15	02	12
21	03	22	27	05	13	24
08	04	09	30	27	20	17
06	07	28	04	11	09	24
18	03	20	07	16	04	27
13	28	31	12	10	23	03
15	18	29	27	23	06	12
17	23	03	07	11	22	12
11	12	07	16	13	02	27
18	16	02	23	22	12	07
08	17	29	26	30	18	15
06	25	04	09	13	05	30
27	19	14	12	21	10	02
23	07	25	31	12	27	30
14	31	17	11	29	16	06
27	28	04	31	18	17	07
31	26	23	09	30	07	15
29	02	12	15	30	05	07
05	08	01	16	04	30	10
07	16	13	20	15	22	05
10	29	06	31	17	23	08
11	04	20	16	17	23	31
23	16	31	14	22	17	18
02	16	10	28	14	24	08
26	20	14	22	24	07	12
25	16	03	19	07	18	30
18	25	11	21	27	04	24
18	28	01	22	25	16	08
15	09	31	17	10	23	16
12	28	03	05	26	10	18
30	11	25	24	29	13	12
24	08	10	04	25	05	03
08	01	07	17	06	18	22
05	08	13	28	25	19	10
18	07	11	23	13	30	28
28	02	09	06	03	27	29
20	05	18	17	27	08	06
31	28	20	27	30	07	21
17	11	24	04	10	12	06
19	22	01	04	26	14	08
04	06	01	20	21	14	27
01	26	08	05	29	06	03
09	29	11	05	04	28	02
27	31	08	07	04	24	06
18	01	09	02	06	08	21
09	14	08	23	18	11	10
15	23	12	17	06	29	20
06	02	30	03	14	28	31
15	10	16	29	21	25	26
11	19	06	21	12	07	14
13	06	19	23	04	08	14
15	21	08	28	10	12	01
18	03	28	04	19	02	10
10	27	29	26	25	06	12
16	10	17	13	09	02	22
26	13	09	21	02	15	10
18	16	07	24	10	15	19
22	21	31	07	03	23	26
08	03	09	26	11	19	06
18	07	09	21	15	10	22
19	17	23	27	18	04	03
06	16	24	03	31	18	19
26	06	05	12	23	08	01
16	29	08	23	10	28	15
26	15	08	05	09	29	07
01	23	16	30	21	09	08
10	26	15	13	23	07	19
08	18	07	28	20	23	05
17	04	28	29	09	03	15
01	10	22	12	25	23	28
12	01	27	26	03	07	28
27	04	14	28	29	30	20
21	16	04	03	15	20	08
13	20	04	09	19	05	29
26	22	04	10	28	19	07
05	04	26	25	23	19	31
13	30	25	26	27	03	20
12	29	21	24	08	07	03
08	28	20	17	26	05	25
07	20	18	04	15	13	23
22	17	06	25	15	02	24
18	24	26	03	28	23	20
04	18	08	14	11	26	10
06	17	14	26	08	01	21
25	11	21	13	26	18	24
09	30	06	17	10	27	12
08	29	07	23	31	26	09
18	21	16	13	22	07	08
30	24	16	02	05	18	12
05	16	27	07	09	18	20
02	09	07	30	05	22	15
06	12	03	02	28	25	24
22	28	08	02	21	16	27
03	10	24	19	09	12	14
13	14	16	12	31	15	23
23	06	19	18	21	16	11
27	20	21	24	15	12	22
17	30	13	08	01	12	26
18	27	29	11	09	24	14
05	01	22	07	09	17	21
19	20	08	07	15	22	02
13	28	12	15	16	29	06
05	28	20	25	08	23	10
22	30	05	11	04	26	27
11	14	26	19	23	03	18
22	10	04	01	20	31	08
01	08	02	10	16	18	14
25	02	05	11	27	06	28
23	30	19	27	20	17	21
28	06	03	16	08	19	05
09	15	29	13	17	21	27
11	22	04	18	19	13	03
08	09	17	22	14	05	12
02	15	07	09	23	30	25
06	29	18	30	11	23	21
05	22	11	29	15	10	31
02	08	15	27	07	13	04
11	13	02	03	15	10	06
19	01	23	18	09	08	17
08	27	06	02	09	03	22
29	18	11	21	07	22	09
30	26	21	20	03	16	25
17	01	26	29	07	02	16
31	13	17	03	29	11	22
01	10	31	05	14	03	25
21	13	02	29	30	23	25
03	09	30	05	29	14	21
16	13	27	03	15	28	25
31	16	03	29	01	15	07
20	10	25	18	17	29	02
14	28	29	20	27	23	07
01	31	10	17	23	28	14
09	12	08	30	04	25	13
02	20	25	03	15	14	05
20	10	24	06	14	25	11
18	24	25	07	10	27	16
22	10	17	07	13	12	21
04	08	11	19	24	07	05
06	22	23	07	11	25	19
10	11	15	20	12	26	13
01	23	25	04	03	20	26
09	18	14	29	24	11	26
09	01	10	21	11	20	15
03	20	23	11	18	29	07
25	21	10	27	03	30	06
28	07	25	27	11	13	02
07	03	19	17	06	25	05
21	04	06	26	07	31	17
18	10	06	29	03	09	04
03	18	25	17	28	24	11
24	23	02	03	04	09	12
05	04	21	11	30	03	24
05	23	25	20	13	30	21
10	06	08	17	26	15	28
26	15	22	07	31	03	02
24	07	16	27	21	05	17
10	14	17	06	09	22	16
18	11	24	29	07	21	28
17	23	06	22	27	26	15
01	15	06	26	03	23	17
26	21	28	08	24	23	12
20	07	18	29	16	13	02
16	27	04	05	03	06	14
28	03	26	29	11	24	04
04	14	15	11	18	31	28
30	31	13	28	16	25	12
04	09	21	15	03	07	23
23	22	03	14	05	15	02
29	14	04	13	26	30	22
28	04	02	17	18	01	11
16	28	23	10	02	09	01
15	23	22	21	20	24	02
17	21	13	12	10	23	27
13	14	02	16	07	09	29
05	06	29	07	11	26	21
20	17	10	02	03	15	07
11	21	02	31	27	28	20
05	17	23	06	19	09	20
21	13	24	27	23	16	28
12	10	05	28	08	25	01
17	28	21	04	02	29	31
17	14	05	29	23	07	19
18	19	23	27	10	07	20
05	26	13	24	01	29	27
05	14	30	18	26	11	17
21	18	09	26	06	24	10
29	21	09	28	11	02	13
13	18	07	04	11	15	25
30	08	25	28	05	09	14
16	26	17	02	18	06	20
12	03	11	02	18	21	17
03	16	25	28	06	17	10
25	31	17	02	09	04	19
07	03	09	15	27	06	31
18	12	27	19	03	16	13
03	14	28	04	19	10	11
08	14	19	01	17	23	06
07	26	01	22	12	24	14
12	24	04	28	22	08	01
20	02	12	17	11	25	15
23	14	22	21	10	04	18
27	30	21	15	09	25	13
12	24	18	27	05	08	29
10	13	04	12	14	24	26
16	12	26	05	15	04	06
16	06	23	22	07	28	03
29	13	17	24	05	23	04
19	22	29	17	13	18	27
05	04	09	19	06	23	11
06	18	03	31	19	14	29
28	02	01	26	24	19	10
15	13	29	05	30	27	23
22	08	01	19	25	04	13
23	05	03	31	12	20	06
09	05	16	25	19	03	02
17	14	13	08	22	02	04
06	01	16	13	29	15	12
30	21	31	01	07	05	14
14	10	24	18	19	09	16
25	02	09	10	17	28	12
18	02	17	22	14	05	16
08	12	20	29	27	03	21
14	01	29	30	15	10	05
27	11	05	18	14	31	20
19	12	09	25	28	04	31
29	12	28	04	23	19	14
27	25	18	31	22	21	20
25	24	23	30	28	03	11
27	30	12	01	31	05	16
21	24	28	12	17	19	05
30	03	13	09	24	01	02
09	10	26	21	06	13	29
24	18	10	31	12	05	08
09	23	26	18	31	05	08
17	27	28	04	18	05	20
21	19	23	30	27	09	18
30	23	13	25	22	31	15
14	27	17	16	02	03	20
14	30	01	03	10	31	17
20	13	30	09	02	01	06
16	02	21	03	29	14	17
06	31	26	01	09	04	27
03	04	24	28	02	27	01
21	07	24	17	29	15	20
21	03	05	16	12	10	06
11	20	12	03	28	26	19
03	08	10	30	06	02	04
24	27	12	10	28	07	14
27	15	18	05	04	30	16
02	31	13	22	03	10	21
08	21	26	13	05	24	22
13	10	07	03	25	24	28
02	13	10	28	03	17	24
26	24	14	31	07	09	05
31	25	08	07	22	16	23
08	02	21	17	20	24	22
04	01	18	05	03	22	25
22	23	17	21	15	10	18
04	19	28	30	29	05	23
16	10	18	30	24	14	15
11	16	21	30	23	07	28
30	04	14	19	21	02	17
18	13	12	23	05	21	29
10	07	17	20	03	05	02
19	22	04	01	23	24	05
25	20	03	13	07	28	27
24	10	12	14	19	05	04
22	05	04	10	30	09	01
06	22	27	21	04	18	13
14	23	10	15	29	20	13
24	09	16	03	04	31	08
22	20	15	14	03	17	21
10	24	17	16	15	31	25
18	29	22	11	27	28	30
01	15	04	25	31	10	07
05	18	15	25	16	30	13
24	30	01	16	23	02	25
25	04	08	28	09	10	20
13	11	30	24	12	20	03
27	15	14	24	08	16	04
21	28	16	10	23	20	11
02	11	18	10	05	19	12
10	14	21	06	07	13	09
21	16	17	22	09	01	03
24	15	29	30	02	22	09
29	28	19	24	16	12	09
25	09	22	11	01	07	26
09	28	19	10	26	22	27
01	13	16	14	30	10	22
14	08	28	15	22	07	05
16	30	28	11	14	18	06
28	17	03	29	14	10	30
27	13	26	15	04	12	09
07	31	13	26	22	29	21
19	04	26	20	09	28	12
30	01	27	09	24	25	29
24	03	30	06	14	18	27
20	08	19	21	07	26	24
15	10	24	22	29	16	01
09	23	13	04	21	15	25
27	20	11	14	17	25	23
19	09	02	17	18	06	22
29	17	24	07	23	11	10
23	08	07	29	26	31	30
14	09	18	25	08	06	15
22	16	13	18	20	10	05
24	19	14	03	28	12	05
01	05	13	10	03	14	26
26	13	23	08	04	11	28
06	07	30	27	01	20	21
11	10	24	23	14	03	08
10	23	24	09	05	25	01
07	04	16	27	28	17	20
01	27	11	08	13	05	10
30	11	12	20	02	08	07
29	26	25	07	11	31	01
23	24	25	02	01	17	31
05	26	07	13	08	22	30
15	17	21	24	25	31	14
19	29	06	23	08	20	22
10	19	27	26	18	02	24
26	25	10	17	29	02	28
25	07	24	16	20	23	26
11	09	26	19	18	04	08
05	11	18	22	12	26	15
24	22	28	30	16	20	09
24	29	20	28	21	06	08
31	16	13	04	22	19	12
22	01	23	10	28	02	15
23	24	03	04	06	26	11
29	05	25	03	15	04	27
22	06	21	14	25	20	09
11	30	25	19	10	27	13
04	01	14	12	22	05	27
10	07	19	30	31	29	03
30	18	14	11	13	12	02
06	23	12	03	28	15	07
17	21	11	19	06	14	15
23	31	29	26	25	19	17
17	26	29	06	23	15	22
22	20	12	24	28	26	21
17	16	10	21	19	15	30
06	11	04	15	22	21	19
03	12	16	29	11	24	31
04	27	19	26	23	20	02
21	10	05	26	31	29	25
23	03	21	08	20	09	27
08	13	09	30	23	20	04
07	09	25	13	20	10	22
31	13	12	01	17	29	11
23	11	25	13	21	18	27
24	07	27	21	26	14	03
26	31	22	17	28	15	05
29	24	15	22	16	14	17
10	20	28	26	22	13	17
22	30	11	02	09	24	16
26	03	06	09	10	02	15
15	06	07	14	31	22	04
31	22	11	20	10	05	29
23	18	21	22	06	02	15
22	09	07	15	26	02	04
25	29	27	23	16	05	28
26	17	25	12	28	01	29
13	07	05	10	11	17	23
10	22	24	28	04	03	18
28	13	21	23	19	06	27
02	05	08	01	24	25	15
30	16	31	21	08	25	14
01	26	23	02	17	25	14
14	09	12	30	10	07	08
30	02	31	20	03	07	10
02	19	23	07	24	20	15
31	17	19	21	23	12	06
10	07	06	04	31	03	24
05	01	20	22	07	29	03
29	26	11	25	30	09	04
25	09	29	02	01	16	14
30	18	07	11	05	04	13
20	19	22	15	01	10	11
26	05	13	12	16	04	25
29	17	25	10	14	20	27
31	28	10	24	14	16	30
12	06	27	18	14	16	31
11	03	27	19	26	04	08
13	04	09	21	10	19	12
06	03	12	09	16	22	21
28	11	02	30	20	17	31
04	27	29	10	14	08	20
13	03	08	11	30	24	23
03	19	17	11	08	26	21
23	27	20	07	31	25	09
17	03	31	24	10	13	02
09	14	10	25	05	16	01
06	25	11	19	09	22	14
24	28	06	31	07	27	19
09	05	13	30	18	21	07
11	13	31	23	01	06	25
21	26	19	31	16	18	29
14	01	04	24	17	23	27
10	09	05	02	13	11	24
15	07	04	17	20	06	21
17	27	15	08	23	19	31
02	19	17	28	20	24	31
20	31	14	26	27	23	24
15	09	27	05	24	28	12
27	31	06	07	19	25	01
07	12	31	14	30	24	22
14	21	26	30	08	23	07
24	27	25	23	26	04	31
22	01	27	31	26	28	14
28	07	19	03	18	22	10
01	06	28	19	14	27	23
21	13	14	24	08	02	17
19	30	09	29	01	28	14
30	18	15	05	26	24	12
21	01	11	08	31	10	06
10	31	06	26	02	22	05
18	01	24	16	30	21	26
06	11	05	27	21	03	16
09	20	18	04	29	26	07
04	06	25	15	29	05	20
23	29	06	22	16	07	04
15	19	27	10	29	26	24
11	30	24	07	17	26	19
20	17	14	21	10	02	26
17	13	03	21	08	23	01
16	10	17	04	11	13	03
12	14	29	21	13	24	09
02	30	18	19	21	22	12
22	04	08	12	14	15	29
22	14	09	27	28	15	10
16	10	13	08	29	27	01
28	07	18	31	21	17	20
28	08	25	24	02	11	29
26	10	06	21	05	01	19
10	08	16	22	26	05	30
10	11	15	07	31	25	21
20	25	27	31	09	30	01
05	25	20	15	08	13	02
22	05	06	25	21	29	09
07	10	28	17	03	24	08
05	26	14	08	06	11	07
12	16	14	23	19	01	15
27	24	03	02	11	12	19
07	10	29	22	05	09	25
09	16	02	28	20	11	27
12	19	08	09	06	14	17
15	23	10	29	14	18	27
31	27	23	10	02	05	06
08	23	12	05	26	19	02
03	31	04	27	29	30	09
05	20	23	13	15	01	12
10	20	03	28	06	31	17
14	04	11	24	31	23	05
08	18	25	23	30	01	29
02	29	09	16	12	11	23
26	09	20	25	14	04	01
20	26	21	22	23	04	28
17	22	07	03	12	18	23
12	20	19	31	30	02	07
25	29	09	01	04	15	14
08	22	24	17	18	27	06
27	07	24	06	31	15	21
26	03	30	07	23	12	02
26	21	10	22	02	09	11
11	06	30	19	23	07	12
26	20	03	13	25	30	08
11	15	30	22	04	05	19
18	01	19	08	16	12	23
08	31	18	27	07	11	19
16	03	20	31	18	30	25
11	14	12	08	20	21	09
07	24	22	15	09	02	27
20	03	23	18	30	24	13
26	18	27	01	08	31	05
29	09	02	22	15	03	05
10	11	21	31	02	30	09
07	14	02	29	08	12	03
16	27	04	29	26	06	20
16	23	17	14	15	08	07
03	15	02	04	08	11	25
03	05	06	20	23	15	01
17	16	05	06	27	21	31
17	08	09	29	28	19	07
13	05	04	23	21	10	12
31	06	07	29	24	15	27
15	01	17	18	08	02	05
05	07	15	14	20	24	18
26	27	17	01	11	22	15
10	27	11	21	22	29	30
16	10	05	18	25	24	11
08	19	24	13	16	12	09
15	21	11	22	31	12	30
17	16	09	22	24	13	27
22	09	16	13	07	06	01
10	23	05	03	19	17	15
19	07	29	17	21	04	14
21	17	16	20	29	12	22
05	31	08	26	13	27	30
18	12	24	30	31	09	02
31	09	05	18	04	17	13
13	27	16	10	08	24	29
03	13	11	23	30	27	26
31	11	15	23	04	26	18
30	03	16	08	23	19	05
02	03	09	20	04	25	13
31	14	19	11	30	10	28
10	14	02	04	11	30	28
05	10	12	03	22	08	27
19	11	08	22	24	28	13
08	29	31	28	12	19	18
27	12	07	23	16	14	26
09	25	18	21	07	13	10
31	06	17	01	08	13	04
29	13	10	17	06	15	03
26	06	20	04	03	10	18
24	11	09	17	28	02	08
21	19	12	06	26	01	22
19	29	17	20	08	06	21
25	04	02	17	19	18	31
30	11	01	19	07	29	21
23	16	04	06	14	24	08
27	08	16	28	18	05	23
01	24	06	12	08	04	30
14	29	21	23	06	13	27
08	26	30	23	19	14	06
19	05	09	30	20	26	17
04	24	15	12	25	22	17
03	28	25	09	17	19	06
23	26	20	07	01	12	10
21	27	26	03	05	17	11
25	22	09	18	30	11	17
14	29	12	17	27	19	30
21	30	04	19	16	01	18
14	02	26	09	29	07	19
18	27	11	05	30	10	28
31	04	11	22	02	24	20
02	24	01	11	19	13	21
07	02	19	13	18	15	25
08	23	12	21	28	25	19
29	01	31	20	14	07	12
21	04	09	02	01	31	17
24	29	23	18	09	21	20
31	13	16	09	18	26	23
07	10	30	14	12	03	27
26	06	29	22	30	24	13
29	22	26	14	24	23	11
12	23	10	06	04	14	03
06	26	02	03	16	08	25
29	07	04	25	14	30	10
20	25	11	17	21	13	23
22	01	25	08	06	04	17
25	21	19	18	22	09	13
11	16	09	08	02	25	29
09	17	21	20	26	22	10
06	03	29	25	15	10	21
10	22	30	26	24	03	31
29	17	14	07	01	12	02
25	01	28	09	11	22	31
21	11	10	06	29	19	13
14	04	19	16	09	24	08
16	18	17	12	22	02	23
28	18	05	01	08	27	19
17	19	27	02	20	25	23
26	19	22	12	10	09	04
20	13	02	18	29	10	09
15	18	31	16	27	17	06
09	22	08	19	31	25	04
02	09	14	28	25	26	05
10	06	24	13	22	29	07
20	09	07	25	15	13	24
26	17	02	06	07	03	29
09	11	28	18	24	02	04
25	12	11	18	09	10	19
15	11	08	30	19	06	01
27	21	02	22	28	26	31
18	07	24	20	28	06	12
23	10	31	09	27	20	29
31	13	17	07	16	03	14
21	11	23	10	17	26	09
27	07	31	26	12	22	08
09	02	30	19	11	31	04
04	18	08	21	16	29	02
23	30	03	10	18	29	02
06	04	29	16	21	10	25
10	22	05	16	26	28	27
24	26	07	16	03	09	01
03	28	11	17	14	29	06
06	28	12	31	26	15	27
13	01	25	15	21	08	06
18	05	24	15	03	17	13
27	11	02	13	19	05	25
23	18	15	04	30	22	01
08	23	12	02	15	19	16
09	25	29	04	28	22	11
17	30	15	20	06	27	10
21	22	20	29	08	31	27
12	02	10	06	19	31	30
07	01	11	09	19	04	27
17	14	11	22	21	18	07
31	10	05	20	24	16	08
25	24	10	28	07	09	21
19	15	20	11	03	08	30
06	22	11	29	18	14	19
12	10	06	11	14	24	18
05	09	25	11	03	20	13
08	16	03	31	30	04	21
17	02	11	16	15	08	13
28	02	07	14	27	04	21
04	25	14	22	11	31	03
26	15	03	19	14	21	02
03	15	08	31	25	12	24
05	19	29	30	13	03	09
09	12	15	25	07	30	03
14	10	11	24	29	13	08
16	14	02	10	26	06	07
22	20	19	08	07	17	26
11	31	29	19	05	24	07
13	01	05	04	15	24	22
29	01	12	31	06	13	27
09	23	03	30	06	25	28
05	08	30	18	14	04	19
20	01	06	14	25	11	04
12	22	19	11	30	04	06
19	08	09	24	30	26	14
24	15	22	12	03	30	01
12	06	08	07	11	27	14
26	20	08	27	04	31	12
02	08	25	27	19	13	09
06	28	30	07	16	25	19
23	26	28	31	17	09	16
04	05	12	20	07	31	24
11	28	08	09	07	23	17
02	23	09	26	05	29	14
23	15	05	26	01	28	13
01	02	20	30	15	03	31
24	16	04	27	10	03	25
12	31	08	14	16	10	15
29	08	05	27	24	06	28
11	12	20	24	29	04	28
31	24	17	07	01	11	05
15	01	04	22	11	24	14
28	19	15	17	30	10	12
05	29	26	31	16	30	15
30	29	07	03	02	08	18
07	22	29	20	31	16	28
28	19	12	06	30	31	13
07	08	26	20	10	17	04
06	27	15	26	23	31	08
03	08	29	31	09	28	24
13	30	26	05	20	21	04
03	16	15	20	01	31	17
14	28	04	16	20	05	24
01	27	18	11	13	12	31
16	26	15	29	19	20	30
02	10	06	23	17	14	27
03	02	14	12	23	15	22
24	21	18	30	26	08	04
19	24	25	16	13	18	04
07	18	03	31	06	13	15
31	29	22	30	06	25	02
12	10	25	06	31	23	07
09	12	31	15	29	27	02
14	20	13	05	03	29	10
28	08	09	25	11	23	12
30	02	04	07	16	31	29
07	26	06	12	23	31	28
26	22	06	10	17	21	02
01	20	24	29	05	19	09
16	31	06	18	20	29	25
31	19	18	14	04	17	11
26	09	07	06	20	02	29
22	11	08	06	18	20	10
26	07	01	13	23	02	04
14	26	18	07	20	04	25
24	20	16	04	07	11	01
16	04	21	12	13	02	29
23	22	13	05	07	09	12
28	24	27	17	19	31	20
15	22	31	19	30	23	01
31	18	29	03	17	20	15
01	31	09	20	07	04	25
01	18	22	04	31	24	17
17	27	21	06	26	05	11
20	15	11	02	10	27	03
12	02	13	04	22	08	06
26	23	28	27	15	13	19
01	18	31	17	08	22	27
02	17	09	19	04	30	06
24	21	06	08	19	20	23
21	18	15	13	20	11	22
10	17	08	26	29	31	01
23	17	10	03	08	22	31
05	14	07	24	03	29	21
31	16	27	09	13	23	22
31	22	02	16	27	28	20
17	08	27	10	13	23	25
16	07	20	17	30	28	13
30	23	27	07	20	14	21
20	11	03	23	07	22	24
28	02	21	27	17	12	26
21	17	29	31	07	09	30
12	28	06	14	16	02	05
08	11	13	21	07	02	25
17	10	26	30	23	07	03
16	12	15	27	25	04	22
11	07	24	21	19	09	30
06	18	03	12	05	08	31
29	23	05	10	11	18	12
20	21	27	13	25	28	16
30	27	03	21	06	19	10
19	11	16	30	28	22	09
18	13	28	31	17	12	06
15	11	23	26	20	06	03
17	03	13	29	11	22	05
07	03	10	06	04	02	16
25	20	31	22	23	03	05
31	08	07	17	06	20	01
20	12	14	30	10	17	19
10	21	24	05	08	22	03
11	19	05	25	18	23	16
26	29	08	27	10	11	31
30	10	12	16	15	17	04
29	13	09	04	23	05	31
16	04	17	11	14	05	21
09	10	18	28	31	06	05
23	13	24	27	26	19	30
10	17	04	22	12	20	03
31	17	12	08	04	26	19
17	07	06	14	28	31	18
31	03	20	02	22	26	07
18	30	11	12	23	25	09
09	17	28	31	01	16	08
06	09	17	31	25	22	10
04	13	30	11	17	22	31
25	23	05	04	07	12	18
23	24	19	30	17	09	07
28	05	22	23	29	15	31
10	21	11	18	16	17	31
22	10	29	24	16	11	04
13	29	18	24	27	02	17
13	29	04	07	14	06	02
28	08	29	27	12	30	15
26	27	20	13	28	19	06
27	07	10	26	17	02	09
26	12	08	22	27	11	07
16	19	18	27	30	04	06
21	30	08	24	14	19	17
20	11	16	17	18	31	13
12	31	30	14	02	25	05
06	30	10	16	02	11	09
21	22	14	16	31	26	29
15	03	11	19	27	08	29
14	12	18	07	05	11	13
05	04	21	08	11	25	09
04	11	19	16	21	23	12
04	20	14	12	02	17	11
09	16	03	15	21	20	25
08	14	01	06	21	13	17
23	25	29	15	18	03	30
11	28	03	21	27	06	23
11	01	03	28	19	04	15
13	18	02	24	01	07	21
24	17	01	03	10	23	12
11	06	13	19	23	05	17
04	22	05	02	20	30	29
21	14	07	29	25	12	15
14	19	28	17	24	15	18
21	17	01	09	05	31	20
31	13	01	09	27	18	07
06	24	18	01	25	21	30
13	26	11	20	10	22	25
11	15	08	06	10	21	28
01	31	14	18	23	09	24
01	10	25	09	07	30	14
06	22	19	23	26	24	04
25	13	09	26	01	27	29
11	17	27	25	07	19	28
02	13	10	16	11	27	19
02	08	29	01	09	16	14
08	07	18	12	06	05	09
13	29	14	21	05	30	20
27	15	21	07	02	05	29
17	04	16	26	25	05	19
17	12	18	16	25	19	27
04	09	13	11	15	22	08
29	03	06	02	25	04	08
01	25	26	03	05	08	24
16	21	08	23	14	18	11
29	27	24	23	03	17	25
27	01	04	07	05	21	22
02	19	24	04	06	27	28
06	15	08	16	31	07	17
29	20	03	23	12	31	04
02	28	17	18	03	22	23
23	04	19	02	20	24	28
29	25	10	21	08	11	28
26	18	10	31	04	09	19
15	16	08	24	29	17	05
09	19	08	18	27	25	26
02	12	17	21	01	11	08
24	18	26	29	16	03	14
11	08	07	29	15	25	21
02	23	26	17	07	25	20
15	20	19	11	13	22	05
13	30	16	09	10	23	20
18	15	10	27	01	03	13
24	01	10	06	21	29	02
09	11	20	18	13	15	24
01	30	13	06	20	05	24
21	04	24	27	19	31	18
26	10	13	01	20	02	08
13	02	06	05	24	18	25
06	26	01	04	03	14	16
17	18	04	27	21	10	31
06	20	17	03	04	18	19
16	31	21	19	20	13	06
11	17	26	20	16	10	12
18	21	07	20	26	25	29
05	18	24	27	20	31	26
14	07	21	19	03	29	22
12	27	14	03	21	17	07
31	25	26	20	18	30	09
24	15	25	23	12	04	14
10	15	02	09	22	13	07
02	27	25	24	10	16	01
17	07	18	24	14	16	23
07	20	30	15	06	22	26
08	01	28	24	29	22	05
18	30	05	29	08	12	10
28	25	26	14	23	27	01
11	22	05	31	18	03	06
05	30	28	14	06	27	15
25	11	16	15	20	08	30
05	03	27	20	23	12	08
19	17	02	01	20	09	22
23	22	08	02	09	28	12
18	08	24	13	02	30	07
14	05	31	10	21	08	24
25	24	30	12	22	07	26
12	23	20	09	05	11	02
22	20	14	11	27	25	08
01	25	10	29	17	24	04
07	11	04	25	02	29	03
17	08	06	30	26	24	18
23	17	06	07	03	25	09
27	23	16	11	28	18	09
19	05	13	18	21	24	04
06	25	24	12	19	04	29
21	09	10	13	11	19	04
01	22	24	09	05	10	25
03	05	07	26	15	24	04
06	29	01	05	09	23	02
10	09	02	25	06	17	27
31	08	11	14	27	30	07
24	30	09	15	06	18	20
18	05	24	10	29	26	14
12	27	03	16	17	20	30
08	15	11	22	18	06	01
18	05	29	21	12	28	13
21	14	17	18	27	22	08
07	04	31	14	03	20	18
19	07	09	25	30	15	27
10	28	01	30	14	11	04
20	06	21	27	14	07	15
31	27	28	09	04	06	16
16	09	11	19	18	07	21
15	02	01	30	11	07	14
28	02	10	24	11	25	07
21	19	18	09	20	06	15
04	02	11	08	07	22	21
05	08	06	29	24	18	23
10	09	14	22	16	13	06
04	02	10	22	14	16	29
18	11	14	27	13	03	21
04	23	02	15	05	10	11
27	16	25	02	05	04	11
20	12	29	13	03	06	11
12	13	29	10	02	22	31
15	13	21	02	10	03	07
10	17	14	20	31	13	18
25	07	26	31	08	30	06
01	26	17	15	27	28	07
29	30	02	10	01	25	13
15	11	20	14	04	31	10
14	12	19	26	27	08	17
01	23	22	03	09	29	14
27	24	25	02	22	30	05
25	04	02	28	14	17	06
20	01	14	27	18	19	21
25	29	12	13	15	10	02
17	26	03	24	10	20	28
20	27	13	11	23	21	24
07	20	23	21	19	11	12
28	27	08	17	07	26	13
17	09	21	10	05	26	11
11	28	12	03	31	10	19
03	04	16	12	10	26	18
27	19	08	23	07	18	24
15	07	02	24	11	19	03
01	24	29	23	13	28	15
16	04	05	12	27	26	02
18	29	01	22	05	24	10
30	11	18	28	26	03	20
27	23	13	25	01	20	06
28	31	29	13	23	25	24
23	30	04	16	01	28	18
17	04	24	28	27	11	06
25	20	24	18	26	31	23
05	20	10	14	09	27	23
08	19	21	24	04	20	29
11	04	07	20	01	12	13
15	01	23	06	05	10	19
06	13	10	07	28	11	29
04	15	08	23	03	09	20
16	27	07	26	08	15	20
04	10	29	09	31	28	30
14	26	03	23	29	06	15
25	27	04	14	28	05	09
25	11	15	13	04	12	10
31	22	10	23	20	30	05
01	25	16	15	08	05	06
11	05	19	31	25	30	08
19	24	30	03	05	12	18
20	10	22	08	01	27	16
16	09	31	20	15	14	13
03	14	10	19	09	29	24
17	04	18	09	23	28	27
16	15	29	13	10	06	21
21	16	27	11	24	23	14
15	13	26	16	11	07	09
07	01	19	05	08	22	09
19	05	22	13	20	01	30
08	31	17	03	09	06	30
17	05	26	29	28	16	13
03	31	21	06	20	27	02
28	11	17	19	31	07	02
02	07	16	13	24	29	21
14	04	09	18	08	25	17
12	14	09	08	06	31	27
28	26	04	18	14	23	09
21	10	02	18	08	09	25
12	20	19	25	07	15	10
01	16	18	29	05	09	04
06	17	30	27	31	19	04
17	06	04	20	25	26	18
20	11	03	02	07	08	09
31	27	25	01	18	08	24
14	11	01	16	25	09	22
22	05	15	17	04	26	29
27	01	17	28	02	12	04
10	16	12	20	23	13	06
21	13	31	08	26	25	20
04	10	28	08	02	01	12
25	05	23	13	28	04	16
01	19	17	03	06	08	05
25	20	22	26	15	11	14
20	18	21	31	28	07	12
01	03	14	26	20	05	24
21	31	07	27	17	30	05
13	14	06	30	28	23	25
25	31	10	24	26	03	23
23	06	14	16	26	02	11
21	25	30	28	12	06	15
29	28	10	27	07	24	02
08	18	12	10	17	14	13
19	29	13	06	07	01	26
29	18	10	06	16	05	08
17	05	01	07	06	25	12
19	02	21	03	07	17	29
30	21	02	11	26	10	06
15	18	03	23	16	30	06
04	27	16	13	28	22	18
10	15	16	03	20	11	27
17	05	12	29	04	10	24
04	24	20	18	23	08	11
02	30	13	20	19	10	27
12	05	10	24	14	11	17
24	21	17	03	09	27	20
27	01	19	28	31	06	13
17	16	03	29	01	15	20
04	30	19	17	21	22	10
22	02	31	23	26	21	27
04	21	10	28	13	08	20
19	08	13	07	06	09	16
16	08	30	05	11	10	29
26	09	02	01	18	30	21
04	14	27	23	08	20	21
31	29	24	27	01	17	08
12	29	05	18	24	16	22
31	30	21	24	09	11	26
17	20	03	12	02	15	16
05	27	17	14	20	22	26
28	08	04	23	01	26	02
11	12	05	04	13	29	07
29	17	09	31	12	04	15
13	04	10	05	25	12	09
09	10	30	02	31	12	29
24	30	07	28	31	16	08
29	14	06	17	20	08	31
26	14	30	24	08	28	23
21	03	31	15	24	20	17
09	10	03	04	27	28	07
31	18	24	05	04	27	14
06	05	08	09	23	12	31
02	15	16	24	11	20	29
26	07	15	23	05	08	21
21	23	09	28	10	07	14
15	10	12	21	02	20	14
05	30	19	12	28	02	25
31	11	21	09	19	26	14
21	10	07	22	01	05	19
04	01	21	24	30	27	06
22	10	06	20	14	23	09
08	28	06	31	16	29	27
29	08	12	18	09	07	03
28	27	18	03	14	12	24
29	12	28	15	22	01	20
07	13	28	16	04	03	18
07	18	13	19	15	17	04
10	31	11	23	30	29	15
16	04	26	27	19	24	29
18	20	21	09	05	31	30
03	08	18	15	30	06	29
16	20	18	22	25	30	10
25	12	07	04	23	09	30
17	27	15	19	30	04	23
13	05	20	15	06	04	22
12	05	29	02	03	20	11
28	30	09	06	18	29	16
16	25	19	21	15	06	01
04	27	10	17	21	12	01
11	25	10	30	26	02	15
14	02	18	19	13	17	25
05	28	03	10	23	13	31
21	07	05	23	08	25	19
10	19	22	09	24	28	31
28	11	10	15	14	29	22
17	07	30	05	16	20	24
18	16	01	11	27	02	19
20	28	07	10	24	11	17
08	30	14	26	07	15	22
14	30	17	03	20	29	13
03	04	26	25	02	19	28
23	05	09	14	04	26	02
26	07	14	21	27	29	17
27	11	16	22	25	14	13
26	08	25	21	20	22	15
31	03	10	27	07	23	01
03	19	20	02	04	13	24
30	31	15	18	27	29	25
31	06	26	01	29	19	05
17	27	20	01	09	07	21
22	26	09	14	23	29	05
05	26	14	10	12	27	13
26	19	03	23	10	21	16
06	18	20	17	24	31	09
27	13	08	31	09	19	10
29	16	24	31	14	21	23
08	25	26	22	24	05	29
06	19	11	24	27	07	25
30	14	15	07	21	22	13
04	19	10	29	20	24	09
12	07	06	22	01	21	19
24	31	08	17	12	20	01
14	09	17	13	12	21	15
26	08	07	28	19	14	03
22	26	08	01	25	12	05
03	19	08	18	31	30	24
17	07	14	16	30	27	29
27	20	06	30	04	31	12
01	03	04	25	23	13	08
24	30	20	07	22	27	12
03	24	14	22	19	13	26
15	13	28	10	07	02	22
14	28	24	08	15	19	01
18	23	12	14	11	09	04
20	19	26	31	22	21	16
17	10	13	19	25	26	12
23	21	18	20	29	28	03
21	17	29	04	23	24	09
11	28	06	15	03	29	19
04	01	12	16	25	15	22
13	06	15	30	08	09	11
20	24	02	19	03	06	13
03	25	24	30	26	20	05
04	29	24	08	12	17	27
22	07	31	25	11	06	15
22	01	21	04	11	19	25
10	11	30	13	14	12	03
16	30	26	03	08	17	09
03	20	28	22	15	04	14
11	28	06	08	03	23	24
16	02	17	23	30	26	24
10	06	15	30	25	28	20
05	09	02	12	10	28	23
31	02	28	27	30	24	18
01	07	14	21	02	11	27
25	15	18	04	19	03	21
19	31	07	06	28	25	11
16	09	17	10	19	24	20
16	05	07	10	04	25	31
30	10	27	07	12	14	04
13	26	07	11	20	06	12
06	13	17	29	04	23	26
12	21	04	08	26	10	20
02	24	28	31	20	10	14
07	30	25	29	19	09	13
19	24	17	30	05	25	06
14	13	20	26	12	22	07
31	27	16	26	10	21	09
29	28	19	01	30	05	17
15	30	27	01	14	20	07
16	09	26	10	01	22	14
23	24	20	30	22	31	28
20	13	07	16	31	08	11
13	24	03	11	23	26	05
27	14	04	22	09	16	12
06	18	08	04	02	31	29
30	23	20	24	21	13	10
20	15	17	06	05	16	23
30	09	01	10	17	27	22
30	18	10	26	08	11	06
21	06	31	03	18	22	24
12	14	16	24	22	10	18
19	21	16	18	27	23	15
16	08	15	03	01	05	24
19	14	13	07	08	28	02
31	25	07	12	13	15	19
03	01	31	17	10	28	07
15	26	06	09	30	14	27
11	26	12	16	31	06	28
31	30	18	12	16	14	10
05	03	22	15	26	06	23
18	02	01	17	19	08	09
18	16	05	12	04	02	21
27	06	22	07	21	23	20
17	02	23	11	16	25	13
24	15	31	07	01	16	08
06	31	13	27	29	12	30
03	07	16	01	30	14	23
24	14	21	08	09	03	18
12	13	29	24	28	30	02
07	01	09	28	13	25	03
06	21	20	29	16	28	12
08	19	26	24	13	22	06
02	30	23	15	08	22	25
29	13	21	22	28	12	08
06	30	24	29	31	12	05
03	06	09	05	11	17	08
05	07	06	19	09	03	02
03	27	14	29	17	07	21
28	31	20	25	12	30	15
06	03	04	31	16	27	08
15	30	18	09	24	19	22
30	21	20	03	06	07	25
16	17	24	10	01	13	25
31	15	01	22	05	25	08
17	04	19	20	10	26	14
31	11	03	26	13	18	06
06	27	21	04	25	14	11
12	02	23	19	28	01	07
10	18	05	14	24	19	26
17	29	30	13	09	18	12
21	10	16	12	22	24	11
27	18	11	21	23	01	04
19	24	07	10	28	08	25
05	11	26	19	14	15	27
19	22	21	07	17	12	24
10	20	04	19	11	26	25
20	02	13	31	15	06	27
04	12	28	21	24	01	26
21	16	01	25	24	27	15
